TABLE NO.     2: NUTS Bayesian Analysis: Problem=1 Subproblem=0 Superproblem1=0 Iteration1=0 Superproblem2=0 Iteration2=0
 NAME         THETA1       THETA2       THETA3       THETA4       THETA5       SIGMA(1,1)   OMEGA(1,1)   OMEGA(2,1)   OMEGA(2,2)   OMEGA(3,1)   OMEGA(3,2)   OMEGA(3,3)
 THETA1        3.90971E-03  2.56345E-01  1.83788E-01 -7.89012E-03  2.33274E-03  2.81515E-03 -5.61599E-02 -9.28580E-03 -9.78065E-02  2.62561E-02 -3.33474E-02  8.69752E-02
 THETA2        2.56345E-01  2.75104E-02  4.79301E-01 -6.23382E-01 -6.34604E-01 -5.70043E-04  1.33641E-02 -1.57791E-02  3.48473E-03 -4.42826E-02 -1.68475E-02  4.85351E-02
 THETA3        1.83788E-01  4.79301E-01  4.18680E-02 -3.92574E-01 -4.05127E-01  3.05167E-02 -9.15020E-02 -2.99476E-01 -3.79542E-01 -1.44680E-01 -1.98164E-01  3.81465E-02
 THETA4       -7.89012E-03 -6.23382E-01 -3.92574E-01  1.23906E-01  4.52873E-01 -3.65783E-02  9.43640E-03  1.45466E-02 -1.63264E-02  1.82312E-02  1.61566E-02  1.52829E-03
 THETA5        2.33274E-03 -6.34604E-01 -4.05127E-01  4.52873E-01  1.55569E-01  3.44529E-02 -4.34254E-03  4.04335E-02 -6.65791E-02  2.99897E-02 -4.01344E-02 -7.90230E-03
 SIGMA(1,1)    2.81515E-03 -5.70043E-04  3.05167E-02 -3.65783E-02  3.44529E-02  2.60836E-01 -5.47126E-02  2.50816E-02 -8.31518E-02 -9.22174E-03 -6.77240E-02 -7.01032E-02
 OMEGA(1,1)   -5.61599E-02  1.33641E-02 -9.15020E-02  9.43640E-03 -4.34254E-03 -5.47126E-02  6.45383E-04  4.35059E-01  1.68857E-01 -6.06022E-02 -6.31899E-03 -2.35261E-02
 OMEGA(2,1)   -9.28580E-03 -1.57791E-02 -2.99476E-01  1.45466E-02  4.04335E-02  2.50816E-02  4.35059E-01  2.56609E-03  5.49586E-01  5.05284E-01  1.95706E-01  1.91111E-02
 OMEGA(2,2)   -9.78065E-02  3.48473E-03 -3.79542E-01 -1.63264E-02 -6.65791E-02 -8.31518E-02  1.68857E-01  5.49586E-01  1.40433E-02  2.67263E-01  4.56191E-01  1.11548E-01
 OMEGA(3,1)    2.62561E-02 -4.42826E-02 -1.44680E-01  1.82312E-02  2.99897E-02 -9.22174E-03 -6.06022E-02  5.05284E-01  2.67263E-01  1.83255E-03  4.21849E-01  7.48320E-02
 OMEGA(3,2)   -3.33474E-02 -1.68475E-02 -1.98164E-01  1.61566E-02 -4.01344E-02 -6.77240E-02 -6.31899E-03  1.95706E-01  4.56191E-01  4.21849E-01  7.13043E-03  4.62556E-01
 OMEGA(3,3)    8.69752E-02  4.85351E-02  3.81465E-02  1.52829E-03 -7.90230E-03 -7.01032E-02 -2.35261E-02  1.91111E-02  1.11548E-01  7.48320E-02  4.62556E-01  7.22146E-03
