TABLE NO.     2: NUTS Bayesian Analysis: Problem=1 Subproblem=0 Superproblem1=0 Iteration1=0 Superproblem2=0 Iteration2=0
 NAME         THETA1       THETA2       THETA3       THETA4       THETA5       SIGMA(1,1)   OMEGA(1,1)   OMEGA(2,1)   OMEGA(2,2)   OMEGA(3,1)   OMEGA(3,2)   OMEGA(3,3)
 THETA1        1.71572E-05  3.55259E-05  4.62814E-05 -1.26290E-05 -3.77271E-05  2.41501E-05 -1.20670E-07 -7.99378E-07 -7.98782E-06 -3.89349E-08 -9.40175E-07  3.37714E-06
 THETA2        3.55259E-05  8.89849E-04  6.98066E-04 -2.91460E-03 -3.19973E-03 -7.18942E-04  1.08201E-06  2.37285E-06  1.04715E-05  1.84361E-07  8.64120E-06  7.75983E-06
 THETA3        4.62814E-05  6.98066E-04  1.97125E-03 -2.68508E-03 -3.24039E-03 -7.67174E-05 -2.53876E-06 -4.00796E-05 -2.37287E-04 -1.78119E-05 -6.80520E-05  2.68386E-06
 THETA4       -1.26290E-05 -2.91460E-03 -2.68508E-03  2.33865E-02  1.22039E-02  1.26148E-03 -9.32659E-06 -3.65920E-05 -2.25428E-04 -4.68554E-06 -4.64220E-05  2.27505E-05
 THETA5       -3.77271E-05 -3.19973E-03 -3.24039E-03  1.22039E-02  2.64274E-02  2.76500E-03 -1.45348E-06 -1.17971E-05 -1.26156E-04  6.11796E-06 -4.23218E-05 -1.66611E-05
 SIGMA(1,1)    2.41501E-05 -7.18942E-04 -7.67174E-05  1.26148E-03  2.76500E-03  7.40869E-02 -1.96494E-05 -4.94547E-05 -4.78272E-04 -1.65367E-05 -6.15879E-05 -9.11334E-05
 OMEGA(1,1)   -1.20670E-07  1.08201E-06 -2.53876E-06 -9.32659E-06 -1.45348E-06 -1.96494E-05  4.51975E-07  8.96190E-07  2.06572E-06  1.26729E-07  3.31496E-07  3.31892E-09
 OMEGA(2,1)   -7.99378E-07  2.37285E-06 -4.00796E-05 -3.65920E-05 -1.17971E-05 -4.94547E-05  8.96190E-07  6.49515E-06  2.28284E-05  1.86115E-06  5.36383E-06  1.50777E-06
 OMEGA(2,2)   -7.98782E-06  1.04715E-05 -2.37287E-04 -2.25428E-04 -1.26156E-04 -4.78272E-04  2.06572E-06  2.28284E-05  1.79049E-04  6.76007E-06  2.73272E-05 -8.93335E-07
 OMEGA(3,1)   -3.89349E-08  1.84361E-07 -1.78119E-05 -4.68554E-06  6.11796E-06 -1.65367E-05  1.26729E-07  1.86115E-06  6.76007E-06  2.71835E-06  5.13669E-06  1.71799E-06
 OMEGA(3,2)   -9.40175E-07  8.64120E-06 -6.80520E-05 -4.64220E-05 -4.23218E-05 -6.15879E-05  3.31496E-07  5.36383E-06  2.73272E-05  5.13669E-06  3.37968E-05  1.15628E-05
 OMEGA(3,3)    3.37714E-06  7.75983E-06  2.68386E-06  2.27505E-05 -1.66611E-05 -9.11334E-05  3.31892E-09  1.50777E-06 -8.93335E-07  1.71799E-06  1.15628E-05  3.81426E-05
