TABLE NO.     2: NUTS Bayesian Analysis: Problem=1 Subproblem=0 Superproblem1=0 Iteration1=0 Superproblem2=0 Iteration2=0
 NAME         THETA1       THETA2       THETA3       THETA4       THETA5       SIGMA(1,1)   OMEGA(1,1)   OMEGA(2,1)   OMEGA(2,2)   OMEGA(3,1)   OMEGA(3,2)   OMEGA(3,3)
 THETA1        1.52858E-05  2.75718E-05  3.00845E-05 -3.82225E-06  1.41884E-06  2.87087E-06 -1.41706E-07 -9.31612E-08 -5.37007E-06  1.88118E-07 -9.29655E-07  2.45564E-06
 THETA2        2.75718E-05  7.56825E-04  5.52063E-04 -2.12493E-03 -2.71596E-03 -4.09047E-06  2.37277E-07 -1.11391E-06  1.34628E-06 -2.23247E-06 -3.30484E-06  9.64226E-06
 THETA3        3.00845E-05  5.52063E-04  1.75293E-03 -2.03656E-03 -2.63875E-03  3.33264E-04 -2.47247E-06 -3.21748E-05 -2.23157E-04 -1.11006E-05 -5.91594E-05  1.15335E-05
 THETA4       -3.82225E-06 -2.12493E-03 -2.03656E-03  1.53527E-02  8.72956E-03 -1.18218E-03  7.54598E-07  4.62516E-06 -2.84086E-05  4.13965E-06  1.42744E-05  1.36749E-06
 THETA5        1.41884E-06 -2.71596E-03 -2.63875E-03  8.72956E-03  2.42018E-02  1.39803E-03 -4.35998E-07  1.61412E-05 -1.45455E-04  8.54970E-06 -4.45201E-05 -8.87773E-06
 SIGMA(1,1)    2.87087E-06 -4.09047E-06  3.33264E-04 -1.18218E-03  1.39803E-03  6.80356E-02 -9.21028E-06  1.67878E-05 -3.04585E-04 -4.40795E-06 -1.25958E-04 -1.32048E-04
 OMEGA(1,1)   -1.41706E-07  2.37277E-07 -2.47247E-06  7.54598E-07 -4.35998E-07 -9.21028E-06  4.16519E-07  7.20505E-07  1.53040E-06 -7.16740E-08 -2.90791E-08 -1.09646E-07
 OMEGA(2,1)   -9.31612E-08 -1.11391E-06 -3.21748E-05  4.62516E-06  1.61412E-05  1.67878E-05  7.20505E-07  6.58481E-06  1.98050E-05  2.37609E-06  3.58090E-06  3.54146E-07
 OMEGA(2,2)   -5.37007E-06  1.34628E-06 -2.23157E-04 -2.84086E-05 -1.45455E-04 -3.04585E-04  1.53040E-06  1.98050E-05  1.97213E-04  6.87800E-06  4.56805E-05  1.13124E-05
 OMEGA(3,1)    1.88118E-07 -2.23247E-06 -1.11006E-05  4.13965E-06  8.54970E-06 -4.40795E-06 -7.16740E-08  2.37609E-06  6.87800E-06  3.35824E-06  5.51225E-06  9.90303E-07
 OMEGA(3,2)   -9.29655E-07 -3.30484E-06 -5.91594E-05  1.42744E-05 -4.45201E-05 -1.25958E-04 -2.90791E-08  3.58090E-06  4.56805E-05  5.51225E-06  5.08431E-05  2.38180E-05
 OMEGA(3,3)    2.45564E-06  9.64226E-06  1.15335E-05  1.36749E-06 -8.87773E-06 -1.32048E-04 -1.09646E-07  3.54146E-07  1.13124E-05  9.90303E-07  2.38180E-05  5.21495E-05
