TABLE NO.     2: NUTS Bayesian Analysis: Problem=1 Subproblem=0 Superproblem1=0 Iteration1=0 Superproblem2=0 Iteration2=0
 NAME         THETA1       THETA2       THETA3       THETA4       THETA5       SIGMA(1,1)   OMEGA(1,1)   OMEGA(2,1)   OMEGA(2,2)   OMEGA(3,1)   OMEGA(3,2)   OMEGA(3,3)
 THETA1        7.88840E+04 -5.71352E+03 -9.39415E+02 -5.97844E+02 -5.14614E+02  1.02051E+01  3.39939E+04 -9.11680E+03  1.43674E+03 -6.09634E+03  1.20966E+03 -3.11143E+03
 THETA2       -5.71352E+03  3.51785E+03 -3.29678E+02  2.98977E+02  2.50693E+02  1.28697E+00 -1.58611E+03 -2.05786E+03 -1.85834E+02  2.32613E+03  7.84258E+01 -2.99428E+02
 THETA3       -9.39415E+02 -3.29678E+02  1.01551E+03  5.61034E+01  5.86639E+01 -2.30922E+00 -2.30037E+03  2.62330E+03  8.64402E+02 -1.62632E+03  6.68136E+02 -6.01163E+02
 THETA4       -5.97844E+02  2.98977E+02  5.61034E+01  1.14978E+02 -1.64846E+00  1.86604E+00 -5.67702E+02  8.45109E+01  5.88290E+01  1.07217E+02 -5.89835E-01 -5.44025E+01
 THETA5       -5.14614E+02  2.50693E+02  5.86639E+01 -1.64846E+00  7.75627E+01 -1.26892E+00  1.39664E+02 -2.81680E+02  1.14569E+02  2.63763E+01  9.80711E+01 -9.29986E+01
 SIGMA(1,1)    1.02051E+01  1.28697E+00 -2.30922E+00  1.86604E+00 -1.26892E+00  1.51862E+01  7.53730E+02 -3.16654E+02  4.22512E+01  1.88621E+02 -1.99450E+01  3.80776E+01
 OMEGA(1,1)    3.39939E+04 -1.58611E+03 -2.30037E+03 -5.67702E+02  1.39664E+02  7.53730E+02  3.54753E+06 -6.59073E+05  2.84361E+04  5.41118E+05 -4.35115E+04  1.65117E+04
 OMEGA(2,1)   -9.11680E+03 -2.05786E+03  2.62330E+03  8.45109E+01 -2.81680E+02 -3.16654E+02 -6.59073E+05  4.26175E+05 -3.35287E+04 -2.98930E+05  3.82520E+04 -9.42316E+03
 OMEGA(2,2)    1.43674E+03 -1.85834E+02  8.64402E+02  5.88290E+01  1.14569E+02  4.22512E+01  2.84361E+04 -3.35287E+04  1.06804E+04  1.87097E+04 -8.74570E+03  1.51022E+03
 OMEGA(3,1)   -6.09634E+03  2.32613E+03 -1.62632E+03  1.07217E+02  2.63763E+01  1.88621E+02  5.41118E+05 -2.98930E+05  1.87097E+04  5.88445E+05 -7.03656E+04  2.07685E+04
 OMEGA(3,2)    1.20966E+03  7.84258E+01  6.68136E+02 -5.89835E-01  9.80711E+01 -1.99450E+01 -4.35115E+04  3.82520E+04 -8.74570E+03 -7.03656E+04  4.07682E+04 -1.59908E+04
 OMEGA(3,3)   -3.11143E+03 -2.99428E+02 -6.01163E+02 -5.44025E+01 -9.29986E+01  3.80776E+01  1.65117E+04 -9.42316E+03  1.51022E+03  2.07685E+04 -1.59908E+04  2.62726E+04
