TABLE NO.     2: NUTS Bayesian Analysis: Problem=1 Subproblem=0 Superproblem1=0 Iteration1=0 Superproblem2=0 Iteration2=0
 NAME         THETA1       THETA2       THETA3       THETA4       THETA5       SIGMA(1,1)   OMEGA(1,1)   OMEGA(2,1)   OMEGA(2,2)   OMEGA(3,1)   OMEGA(3,2)   OMEGA(3,3)
 THETA1        7.25473E+04 -5.16439E+03 -1.15351E+03 -4.93921E+02 -4.22866E+02 -4.70986E+01  1.80810E+04 -6.42332E+03  1.47147E+03 -7.51336E+03  2.35833E+03 -5.38385E+03
 THETA2       -5.16439E+03  3.24673E+03 -4.28554E+02  2.29349E+02  2.22668E+02  1.73648E+01 -2.07137E+03 -7.57446E+02 -2.27633E+02 -3.42061E+02 -8.81221E+02  1.36179E+02
 THETA3       -1.15351E+03 -4.28554E+02  1.08319E+03  5.37376E+01  6.15364E+01  2.12822E+00 -3.50752E+03  3.17602E+03  9.50165E+02  6.68777E+02  1.20565E+03 -3.85586E+02
 THETA4       -4.93921E+02  2.29349E+02  5.37376E+01  8.03689E+01 -3.05755E+00  2.04864E+00  4.55293E+02  2.02196E+02  1.00236E+02  3.29474E+01  4.84654E+01 -7.29472E+01
 THETA5       -4.22866E+02  2.22668E+02  6.15364E+01 -3.05755E+00  7.37720E+01  7.61484E-02 -8.97385E+02  2.17702E+02  7.57328E+01 -2.68268E+02  9.81339E+01 -2.37923E+00
 SIGMA(1,1)   -4.70986E+01  1.73648E+01  2.12822E+00  2.04864E+00  7.61484E-02  1.41354E+01  7.37379E+02 -1.96497E+02  5.75016E+01  7.07822E+01 -2.16629E+01  4.55012E+01
 OMEGA(1,1)    1.80810E+04 -2.07137E+03 -3.50752E+03  4.55293E+02 -8.97385E+02  7.37379E+02  3.32138E+06 -6.53830E+05  3.62065E+04  1.65998E+05  5.54298E+03  1.74132E+04
 OMEGA(2,1)   -6.42332E+03 -7.57446E+02  3.17602E+03  2.02196E+02  2.17702E+02 -1.96497E+02 -6.53830E+05  4.52056E+05 -4.07816E+04 -1.53881E+05  1.87630E+03 -1.24013E+04
 OMEGA(2,2)    1.47147E+03 -2.27633E+02  9.50165E+02  1.00236E+02  7.57328E+01  5.75016E+01  3.62065E+04 -4.07816E+04  1.23090E+04  7.13093E+03 -3.45328E+03  2.58273E+03
 OMEGA(3,1)   -7.51336E+03 -3.42061E+02  6.68777E+02  3.29474E+01 -2.68268E+02  7.07822E+01  1.65998E+05 -1.53881E+05  7.13093E+03  5.87811E+05 -7.20419E+04  2.31890E+03
 OMEGA(3,2)    2.35833E+03 -8.81221E+02  1.20565E+03  4.84654E+01  9.81339E+01 -2.16629E+01  5.54298E+03  1.87630E+03 -3.45328E+03 -7.20419E+04  5.00307E+04 -1.22294E+04
 OMEGA(3,3)   -5.38385E+03  1.36179E+02 -3.85586E+02 -7.29472E+01 -2.37923E+00  4.55012E+01  1.74132E+04 -1.24013E+04  2.58273E+03  2.31890E+03 -1.22294E+04  3.09967E+04
