TABLE NO.     2: NUTS Bayesian Analysis: Problem=1 Subproblem=0 Superproblem1=0 Iteration1=0 Superproblem2=0 Iteration2=0
 NAME         THETA1       THETA2       THETA3       THETA4       THETA5       SIGMA(1,1)   OMEGA(1,1)   OMEGA(2,1)   OMEGA(2,2)   OMEGA(3,1)   OMEGA(3,2)   OMEGA(3,3)
 THETA1        4.14213E-03  2.87517E-01  2.51659E-01 -1.99371E-02 -5.60276E-02  2.14202E-02 -4.33331E-02 -7.57240E-02 -1.44118E-01 -5.70116E-03 -3.90434E-02  1.32014E-01
 THETA2        2.87517E-01  2.98303E-02  5.27069E-01 -6.38907E-01 -6.59824E-01 -8.85452E-02  5.39529E-02  3.12116E-02  2.62341E-02  3.74850E-03  4.98285E-02  4.21200E-02
 THETA3        2.51659E-01  5.27069E-01  4.43987E-02 -3.95461E-01 -4.48951E-01 -6.34823E-03 -8.50539E-02 -3.54208E-01 -3.99409E-01 -2.43325E-01 -2.63653E-01  9.78776E-03
 THETA4       -1.99371E-02 -6.38907E-01 -3.95461E-01  1.52926E-01  4.90897E-01  3.03060E-02 -9.07158E-02 -9.38877E-02 -1.10164E-01 -1.85834E-02 -5.22160E-02  2.40881E-02
 THETA5       -5.60276E-02 -6.59824E-01 -4.48951E-01  4.90897E-01  1.62565E-01  6.24880E-02 -1.32991E-02 -2.84743E-02 -5.79956E-02  2.28258E-02 -4.47815E-02 -1.65948E-02
 SIGMA(1,1)    2.14202E-02 -8.85452E-02 -6.34823E-03  3.03060E-02  6.24880E-02  2.72189E-01 -1.07380E-01 -7.12921E-02 -1.31316E-01 -3.68489E-02 -3.89212E-02 -5.42127E-02
 OMEGA(1,1)   -4.33331E-02  5.39529E-02 -8.50539E-02 -9.07158E-02 -1.32991E-02 -1.07380E-01  6.72291E-04  5.23056E-01  2.29631E-01  1.14331E-01  8.48172E-02  7.99346E-04
 OMEGA(2,1)   -7.57240E-02  3.12116E-02 -3.54208E-01 -9.38877E-02 -2.84743E-02 -7.12921E-02  5.23056E-01  2.54856E-03  6.69416E-01  4.42928E-01  3.62028E-01  9.57930E-02
 OMEGA(2,2)   -1.44118E-01  2.62341E-02 -3.99409E-01 -1.10164E-01 -5.79956E-02 -1.31316E-01  2.29631E-01  6.69416E-01  1.33809E-02  3.06418E-01  3.51295E-01 -1.08100E-02
 OMEGA(3,1)   -5.70116E-03  3.74850E-03 -2.43325E-01 -1.85834E-02  2.28258E-02 -3.68489E-02  1.14331E-01  4.42928E-01  3.06418E-01  1.64874E-03  5.35912E-01  1.68719E-01
 OMEGA(3,2)   -3.90434E-02  4.98285E-02 -2.63653E-01 -5.22160E-02 -4.47815E-02 -3.89212E-02  8.48172E-02  3.62028E-01  3.51295E-01  5.35912E-01  5.81350E-03  3.22047E-01
 OMEGA(3,3)    1.32014E-01  4.21200E-02  9.78776E-03  2.40881E-02 -1.65948E-02 -5.42127E-02  7.99346E-04  9.57930E-02 -1.08100E-02  1.68719E-01  3.22047E-01  6.17597E-03
