TABLE NO.     2: NUTS Bayesian Analysis: Problem=1 Subproblem=0 Superproblem1=0 Iteration1=0 Superproblem2=0 Iteration2=0
 NAME         THETA1       THETA2       THETA3       THETA4       THETA5       SIGMA(1,1)   OMEGA(1,1)   OMEGA(2,1)   OMEGA(2,2)   OMEGA(3,1)   OMEGA(3,2)   OMEGA(3,3)
 THETA1        3.99941E-03  2.36683E-01  1.65526E-01  1.59642E-02  4.77198E-02  4.99851E-02 -8.17355E-02 -2.68664E-02 -6.55418E-02  1.34321E-04 -4.67269E-02  1.03083E-01
 THETA2        2.36683E-01  2.93314E-02  5.27667E-01 -6.55681E-01 -6.80371E-01  6.01176E-02  5.08301E-03  7.69127E-02  4.03118E-02  1.27868E-02  5.78724E-02 -3.73479E-02
 THETA3        1.65526E-01  5.27667E-01  4.48883E-02 -4.31014E-01 -4.52870E-01  3.41108E-02 -7.73439E-02 -2.79286E-01 -3.82544E-01 -1.20202E-01 -1.35958E-01  7.29518E-02
 THETA4        1.59642E-02 -6.55681E-01 -4.31014E-01  1.47917E-01  5.20004E-01  1.34249E-02 -7.71110E-03 -9.56477E-02 -8.45158E-02 -6.32361E-02 -8.81154E-02  3.22371E-02
 THETA5        4.77198E-02 -6.80371E-01 -4.52870E-01  5.20004E-01  1.66497E-01 -9.84884E-03 -2.16790E-02 -1.11576E-01 -6.81271E-02 -5.67216E-02 -4.58326E-02  8.18217E-02
 SIGMA(1,1)    4.99851E-02  6.01176E-02  3.41108E-02  1.34249E-02 -9.84884E-03  2.75977E-01 -8.66625E-02 -6.05650E-03 -2.82553E-02 -6.23020E-03 -3.05276E-02 -5.51445E-02
 OMEGA(1,1)   -8.17355E-02  5.08301E-03 -7.73439E-02 -7.71110E-03 -2.16790E-02 -8.66625E-02  6.84806E-04  4.82864E-01  1.86531E-01  1.28104E-02  1.07250E-02 -4.95561E-02
 OMEGA(2,1)   -2.68664E-02  7.69127E-02 -2.79286E-01 -9.56477E-02 -1.11576E-01 -6.05650E-03  4.82864E-01  2.56127E-03  6.50404E-01  3.95054E-01  2.39637E-01  4.43183E-02
 OMEGA(2,2)   -6.55418E-02  4.03118E-02 -3.82544E-01 -8.45158E-02 -6.81271E-02 -2.82553E-02  1.86531E-01  6.50404E-01  1.36522E-02  2.48835E-01  2.73620E-01  1.31813E-02
 OMEGA(3,1)    1.34321E-04  1.27868E-02 -1.20202E-01 -6.32361E-02 -5.67216E-02 -6.23020E-03  1.28104E-02  3.95054E-01  2.48835E-01  1.68814E-03  5.25262E-01  1.50858E-01
 OMEGA(3,2)   -4.67269E-02  5.78724E-02 -1.35958E-01 -8.81154E-02 -4.58326E-02 -3.05276E-02  1.07250E-02  2.39637E-01  2.73620E-01  5.25262E-01  5.79062E-03  2.86788E-01
 OMEGA(3,3)    1.03083E-01 -3.73479E-02  7.29518E-02  3.22371E-02  8.18217E-02 -5.51445E-02 -4.95561E-02  4.43183E-02  1.31813E-02  1.50858E-01  2.86788E-01  5.80872E-03
