TABLE NO.     2: NUTS Bayesian Analysis: Problem=1 Subproblem=0 Superproblem1=0 Iteration1=0 Superproblem2=0 Iteration2=0
 NAME         THETA1       THETA2       THETA3       THETA4       THETA5       SIGMA(1,1)   OMEGA(1,1)   OMEGA(2,1)   OMEGA(2,2)   OMEGA(3,1)   OMEGA(3,2)   OMEGA(3,3)
 THETA1        7.87856E+04 -6.45917E+03 -9.24884E+02 -5.78098E+02 -7.07151E+02 -3.54953E+00  4.55828E+04 -1.10219E+04  4.67542E+02 -9.58123E+03  4.84006E+03 -4.66124E+03
 THETA2       -6.45917E+03  3.62427E+03 -4.04315E+02  2.58210E+02  2.67045E+02 -1.70063E+01 -6.92973E+02 -1.43251E+03 -3.00937E+02  4.24687E+03 -1.29473E+03  7.04283E+02
 THETA3       -9.24884E+02 -4.04315E+02  1.03055E+03  6.15811E+01  6.46654E+01 -2.72161E+00 -4.66388E+03  3.07918E+03  1.01987E+03 -7.44028E+02  8.55889E+02 -1.13201E+03
 THETA4       -5.78098E+02  2.58210E+02  6.15811E+01  8.98592E+01 -1.15959E+00 -2.27525E+00 -7.62966E+02  2.46683E+02  8.64007E+01  2.12906E+02  7.29038E+01 -6.41297E+01
 THETA5       -7.07151E+02  2.67045E+02  6.46654E+01 -1.15959E+00  7.89277E+01 -1.33957E+00 -8.72015E+02  5.10723E+02  4.83359E+01  2.96221E+02 -2.07189E+01 -1.47204E+02
 SIGMA(1,1)   -3.54953E+00 -1.70063E+01 -2.72161E+00 -2.27525E+00 -1.33957E+00  1.34846E+01  7.16141E+02 -1.69403E+02  1.47740E+01  2.30282E+01  6.31501E+00  4.31390E+01
 OMEGA(1,1)    4.55828E+04 -6.92973E+02 -4.66388E+03 -7.62966E+02 -8.72015E+02  7.16141E+02  3.14628E+06 -6.18055E+05  3.30462E+04  2.77766E+05 -1.46652E+04  2.52612E+04
 OMEGA(2,1)   -1.10219E+04 -1.43251E+03  3.07918E+03  2.46683E+02  5.10723E+02 -1.69403E+02 -6.18055E+05  4.24371E+05 -3.77524E+04 -1.83584E+05  1.54893E+04 -1.01815E+04
 OMEGA(2,2)    4.67542E+02 -3.00937E+02  1.01987E+03  8.64007E+01  4.83359E+01  1.47740E+01  3.30462E+04 -3.77524E+04  1.11960E+04  1.00379E+04 -3.43269E+03  3.14779E+02
 OMEGA(3,1)   -9.58123E+03  4.24687E+03 -7.44028E+02  2.12906E+02  2.96221E+02  2.30282E+01  2.77766E+05 -1.83584E+05  1.00379E+04  5.78179E+05 -7.82034E+04  2.99950E+03
 OMEGA(3,2)    4.84006E+03 -1.29473E+03  8.55889E+02  7.29038E+01 -2.07189E+01  6.31501E+00 -1.46652E+04  1.54893E+04 -3.43269E+03 -7.82034E+04  4.72615E+04 -1.14301E+04
 OMEGA(3,3)   -4.66124E+03  7.04283E+02 -1.13201E+03 -6.41297E+01 -1.47204E+02  4.31390E+01  2.52612E+04 -1.01815E+04  3.14779E+02  2.99950E+03 -1.14301E+04  3.47232E+04
