TABLE NO.     2: NUTS Bayesian Analysis: Problem=1 Subproblem=0 Superproblem1=0 Iteration1=0 Superproblem2=0 Iteration2=0
 NAME         THETA1       THETA2       THETA3       THETA4       THETA5       SIGMA(1,1)   OMEGA(1,1)   OMEGA(2,1)   OMEGA(2,2)   OMEGA(3,1)   OMEGA(3,2)   OMEGA(3,3)
 THETA1        1.59953E-05  2.77649E-05  2.97165E-05  9.44411E-06  3.17761E-05  5.51708E-05 -2.23859E-07 -2.75208E-07 -3.57863E-06  9.06880E-10 -1.08215E-06  2.39477E-06
 THETA2        2.77649E-05  8.60331E-04  6.94745E-04 -2.84474E-03 -3.32265E-03  4.86639E-04  1.02099E-07  5.77811E-06  1.61423E-05  6.33144E-07  9.82944E-06 -6.36324E-06
 THETA3        2.97165E-05  6.94745E-04  2.01496E-03 -2.86182E-03 -3.38464E-03  4.22569E-04 -2.37753E-06 -3.21098E-05 -2.34432E-04 -9.10862E-06 -3.53397E-05  1.90217E-05
 THETA4        9.44411E-06 -2.84474E-03 -2.86182E-03  2.18794E-02  1.28065E-02  5.48027E-04 -7.81091E-07 -3.62366E-05 -1.70670E-04 -1.57904E-05 -7.54734E-05  2.76983E-05
 THETA5        3.17761E-05 -3.32265E-03 -3.38464E-03  1.28065E-02  2.77212E-02 -4.52547E-04 -2.47179E-06 -4.75806E-05 -1.54856E-04 -1.59427E-05 -4.41881E-05  7.91324E-05
 SIGMA(1,1)    5.51708E-05  4.86639E-04  4.22569E-04  5.48027E-04 -4.52547E-04  7.61631E-02 -1.63784E-05 -4.28104E-06 -1.06457E-04 -2.90257E-06 -4.87853E-05 -8.84004E-05
 OMEGA(1,1)   -2.23859E-07  1.02099E-07 -2.37753E-06 -7.81091E-07 -2.47179E-06 -1.63784E-05  4.68959E-07  8.46930E-07  1.74390E-06  1.48095E-08  4.25295E-08 -1.97126E-07
 OMEGA(2,1)   -2.75208E-07  5.77811E-06 -3.21098E-05 -3.62366E-05 -4.75806E-05 -4.28104E-06  8.46930E-07  6.56010E-06  2.27426E-05  1.70813E-06  3.55414E-06  6.59354E-07
 OMEGA(2,2)   -3.57863E-06  1.61423E-05 -2.34432E-04 -1.70670E-04 -1.54856E-04 -1.06457E-04  1.74390E-06  2.27426E-05  1.86382E-04  5.73486E-06  2.16309E-05  1.04530E-06
 OMEGA(3,1)    9.06880E-10  6.33144E-07 -9.10862E-06 -1.57904E-05 -1.59427E-05 -2.90257E-06  1.48095E-08  1.70813E-06  5.73486E-06  2.84983E-06  5.13464E-06  1.47931E-06
 OMEGA(3,2)   -1.08215E-06  9.82944E-06 -3.53397E-05 -7.54734E-05 -4.41881E-05 -4.87853E-05  4.25295E-08  3.55414E-06  2.16309E-05  5.13464E-06  3.35312E-05  9.64641E-06
 OMEGA(3,3)    2.39477E-06 -6.36324E-06  1.90217E-05  2.76983E-05  7.91324E-05 -8.84004E-05 -1.97126E-07  6.59354E-07  1.04530E-06  1.47931E-06  9.64641E-06  3.37412E-05
