TABLE NO.     1: Iterative Two Stage: Problem=1 Subproblem=0 Superproblem1=0 Iteration1=0 Superproblem2=0 Iteration2=0
 NAME         THETA1       THETA2       SIGMA(1,1)   OMEGA(1,1)   OMEGA(2,1)   OMEGA(2,2)   OMEGA(3,1)   OMEGA(3,2)   OMEGA(3,3)   OMEGA(4,1)   OMEGA(4,2)   OMEGA(4,3)   OMEGA(4,4)   OMEGA(5,1)   OMEGA(5,2)   OMEGA(5,3)   OMEGA(5,4)   OMEGA(5,5)   OMEGA(6,1)   OMEGA(6,2)   OMEGA(6,3)   OMEGA(6,4)   OMEGA(6,5)   OMEGA(6,6)
 THETA1        6.07138E-06  1.02568E-06  2.04871E-08  1.02666E-07  1.27537E-07  1.61942E-08  0.00000E+00  0.00000E+00  8.61348E-08  0.00000E+00  0.00000E+00 -1.63186E-08  5.12755E-08  0.00000E+00  0.00000E+00  0.00000E+00  0.00000E+00  2.21839E-06  0.00000E+00  0.00000E+00  0.00000E+00  0.00000E+00 -4.28737E-07  1.19508E-06
 THETA2        1.02568E-06  6.32905E-06  7.93841E-09  7.56352E-08  8.55954E-08  1.21744E-07  0.00000E+00  0.00000E+00  6.68174E-08  0.00000E+00  0.00000E+00  1.43526E-08  6.48622E-09  0.00000E+00  0.00000E+00  0.00000E+00  0.00000E+00 -4.42385E-08  0.00000E+00  0.00000E+00  0.00000E+00  0.00000E+00  3.19651E-07  6.59559E-07
 SIGMA(1,1)    2.04871E-08  7.93841E-09  1.55053E-08 -1.52893E-09  1.53938E-10 -2.02125E-09  0.00000E+00  0.00000E+00  2.33293E-09  0.00000E+00  0.00000E+00 -3.55426E-10 -2.47931E-09  0.00000E+00  0.00000E+00  0.00000E+00  0.00000E+00 -1.12396E-07  0.00000E+00  0.00000E+00  0.00000E+00  0.00000E+00  2.47765E-08 -1.07019E-08
 OMEGA(1,1)    1.02666E-07  7.56352E-08 -1.52893E-09  1.32987E-07  2.23646E-08 -3.44717E-10  0.00000E+00  0.00000E+00  1.93396E-08  0.00000E+00  0.00000E+00 -9.22575E-09  1.81464E-08  0.00000E+00  0.00000E+00  0.00000E+00  0.00000E+00  1.82727E-07  0.00000E+00  0.00000E+00  0.00000E+00  0.00000E+00 -5.36609E-08  4.78582E-08
 OMEGA(2,1)    1.27537E-07  8.55954E-08  1.53938E-10  2.23646E-08  7.32751E-08  1.38581E-08  0.00000E+00  0.00000E+00  7.53540E-09  0.00000E+00  0.00000E+00 -2.01657E-08  6.30859E-09  0.00000E+00  0.00000E+00  0.00000E+00  0.00000E+00  3.42325E-08  0.00000E+00  0.00000E+00  0.00000E+00  0.00000E+00  1.23305E-07 -9.03299E-08
 OMEGA(2,2)    1.61942E-08  1.21744E-07 -2.02125E-09 -3.44717E-10  1.38581E-08  1.55139E-07  0.00000E+00  0.00000E+00 -1.33137E-08  0.00000E+00  0.00000E+00  9.47723E-09 -1.05636E-08  0.00000E+00  0.00000E+00  0.00000E+00  0.00000E+00 -2.62232E-07  0.00000E+00  0.00000E+00  0.00000E+00  0.00000E+00  3.47208E-08 -4.41699E-07
 OMEGA(3,1)    0.00000E+00  0.00000E+00  0.00000E+00  0.00000E+00  0.00000E+00  0.00000E+00  0.00000E+00  0.00000E+00  0.00000E+00  0.00000E+00  0.00000E+00  0.00000E+00  0.00000E+00  0.00000E+00  0.00000E+00  0.00000E+00  0.00000E+00  0.00000E+00  0.00000E+00  0.00000E+00  0.00000E+00  0.00000E+00  0.00000E+00  0.00000E+00
 OMEGA(3,2)    0.00000E+00  0.00000E+00  0.00000E+00  0.00000E+00  0.00000E+00  0.00000E+00  0.00000E+00  0.00000E+00  0.00000E+00  0.00000E+00  0.00000E+00  0.00000E+00  0.00000E+00  0.00000E+00  0.00000E+00  0.00000E+00  0.00000E+00  0.00000E+00  0.00000E+00  0.00000E+00  0.00000E+00  0.00000E+00  0.00000E+00  0.00000E+00
 OMEGA(3,3)    8.61348E-08  6.68174E-08  2.33293E-09  1.93396E-08  7.53540E-09 -1.33137E-08  0.00000E+00  0.00000E+00  5.16002E-06  0.00000E+00  0.00000E+00 -2.08705E-07 -1.02090E-07  0.00000E+00  0.00000E+00  0.00000E+00  0.00000E+00  5.46963E-06  0.00000E+00  0.00000E+00  0.00000E+00  0.00000E+00 -4.29923E-06 -7.55070E-07
 OMEGA(4,1)    0.00000E+00  0.00000E+00  0.00000E+00  0.00000E+00  0.00000E+00  0.00000E+00  0.00000E+00  0.00000E+00  0.00000E+00  0.00000E+00  0.00000E+00  0.00000E+00  0.00000E+00  0.00000E+00  0.00000E+00  0.00000E+00  0.00000E+00  0.00000E+00  0.00000E+00  0.00000E+00  0.00000E+00  0.00000E+00  0.00000E+00  0.00000E+00
 OMEGA(4,2)    0.00000E+00  0.00000E+00  0.00000E+00  0.00000E+00  0.00000E+00  0.00000E+00  0.00000E+00  0.00000E+00  0.00000E+00  0.00000E+00  0.00000E+00  0.00000E+00  0.00000E+00  0.00000E+00  0.00000E+00  0.00000E+00  0.00000E+00  0.00000E+00  0.00000E+00  0.00000E+00  0.00000E+00  0.00000E+00  0.00000E+00  0.00000E+00
 OMEGA(4,3)   -1.63186E-08  1.43526E-08 -3.55426E-10 -9.22575E-09 -2.01657E-08  9.47723E-09  0.00000E+00  0.00000E+00 -2.08705E-07  0.00000E+00  0.00000E+00  3.37937E-06  1.35147E-07  0.00000E+00  0.00000E+00  0.00000E+00  0.00000E+00  2.45446E-06  0.00000E+00  0.00000E+00  0.00000E+00  0.00000E+00  1.76495E-06 -5.23282E-06
 OMEGA(4,4)    5.12755E-08  6.48622E-09 -2.47931E-09  1.81464E-08  6.30859E-09 -1.05636E-08  0.00000E+00  0.00000E+00 -1.02090E-07  0.00000E+00  0.00000E+00  1.35147E-07  7.37970E-06  0.00000E+00  0.00000E+00  0.00000E+00  0.00000E+00  4.90998E-06  0.00000E+00  0.00000E+00  0.00000E+00  0.00000E+00 -1.16799E-06  7.72272E-07
 OMEGA(5,1)    0.00000E+00  0.00000E+00  0.00000E+00  0.00000E+00  0.00000E+00  0.00000E+00  0.00000E+00  0.00000E+00  0.00000E+00  0.00000E+00  0.00000E+00  0.00000E+00  0.00000E+00  0.00000E+00  0.00000E+00  0.00000E+00  0.00000E+00  0.00000E+00  0.00000E+00  0.00000E+00  0.00000E+00  0.00000E+00  0.00000E+00  0.00000E+00
 OMEGA(5,2)    0.00000E+00  0.00000E+00  0.00000E+00  0.00000E+00  0.00000E+00  0.00000E+00  0.00000E+00  0.00000E+00  0.00000E+00  0.00000E+00  0.00000E+00  0.00000E+00  0.00000E+00  0.00000E+00  0.00000E+00  0.00000E+00  0.00000E+00  0.00000E+00  0.00000E+00  0.00000E+00  0.00000E+00  0.00000E+00  0.00000E+00  0.00000E+00
 OMEGA(5,3)    0.00000E+00  0.00000E+00  0.00000E+00  0.00000E+00  0.00000E+00  0.00000E+00  0.00000E+00  0.00000E+00  0.00000E+00  0.00000E+00  0.00000E+00  0.00000E+00  0.00000E+00  0.00000E+00  0.00000E+00  0.00000E+00  0.00000E+00  0.00000E+00  0.00000E+00  0.00000E+00  0.00000E+00  0.00000E+00  0.00000E+00  0.00000E+00
 OMEGA(5,4)    0.00000E+00  0.00000E+00  0.00000E+00  0.00000E+00  0.00000E+00  0.00000E+00  0.00000E+00  0.00000E+00  0.00000E+00  0.00000E+00  0.00000E+00  0.00000E+00  0.00000E+00  0.00000E+00  0.00000E+00  0.00000E+00  0.00000E+00  0.00000E+00  0.00000E+00  0.00000E+00  0.00000E+00  0.00000E+00  0.00000E+00  0.00000E+00
 OMEGA(5,5)    2.21839E-06 -4.42385E-08 -1.12396E-07  1.82727E-07  3.42325E-08 -2.62232E-07  0.00000E+00  0.00000E+00  5.46963E-06  0.00000E+00  0.00000E+00  2.45446E-06  4.90998E-06  0.00000E+00  0.00000E+00  0.00000E+00  0.00000E+00  1.00224E-03  0.00000E+00  0.00000E+00  0.00000E+00  0.00000E+00 -4.92713E-04  1.58862E-04
 OMEGA(6,1)    0.00000E+00  0.00000E+00  0.00000E+00  0.00000E+00  0.00000E+00  0.00000E+00  0.00000E+00  0.00000E+00  0.00000E+00  0.00000E+00  0.00000E+00  0.00000E+00  0.00000E+00  0.00000E+00  0.00000E+00  0.00000E+00  0.00000E+00  0.00000E+00  0.00000E+00  0.00000E+00  0.00000E+00  0.00000E+00  0.00000E+00  0.00000E+00
 OMEGA(6,2)    0.00000E+00  0.00000E+00  0.00000E+00  0.00000E+00  0.00000E+00  0.00000E+00  0.00000E+00  0.00000E+00  0.00000E+00  0.00000E+00  0.00000E+00  0.00000E+00  0.00000E+00  0.00000E+00  0.00000E+00  0.00000E+00  0.00000E+00  0.00000E+00  0.00000E+00  0.00000E+00  0.00000E+00  0.00000E+00  0.00000E+00  0.00000E+00
 OMEGA(6,3)    0.00000E+00  0.00000E+00  0.00000E+00  0.00000E+00  0.00000E+00  0.00000E+00  0.00000E+00  0.00000E+00  0.00000E+00  0.00000E+00  0.00000E+00  0.00000E+00  0.00000E+00  0.00000E+00  0.00000E+00  0.00000E+00  0.00000E+00  0.00000E+00  0.00000E+00  0.00000E+00  0.00000E+00  0.00000E+00  0.00000E+00  0.00000E+00
 OMEGA(6,4)    0.00000E+00  0.00000E+00  0.00000E+00  0.00000E+00  0.00000E+00  0.00000E+00  0.00000E+00  0.00000E+00  0.00000E+00  0.00000E+00  0.00000E+00  0.00000E+00  0.00000E+00  0.00000E+00  0.00000E+00  0.00000E+00  0.00000E+00  0.00000E+00  0.00000E+00  0.00000E+00  0.00000E+00  0.00000E+00  0.00000E+00  0.00000E+00
 OMEGA(6,5)   -4.28737E-07  3.19651E-07  2.47765E-08 -5.36609E-08  1.23305E-07  3.47208E-08  0.00000E+00  0.00000E+00 -4.29923E-06  0.00000E+00  0.00000E+00  1.76495E-06 -1.16799E-06  0.00000E+00  0.00000E+00  0.00000E+00  0.00000E+00 -4.92713E-04  0.00000E+00  0.00000E+00  0.00000E+00  0.00000E+00  5.81674E-04 -1.74595E-04
 OMEGA(6,6)    1.19508E-06  6.59559E-07 -1.07019E-08  4.78582E-08 -9.03299E-08 -4.41699E-07  0.00000E+00  0.00000E+00 -7.55070E-07  0.00000E+00  0.00000E+00 -5.23282E-06  7.72272E-07  0.00000E+00  0.00000E+00  0.00000E+00  0.00000E+00  1.58862E-04  0.00000E+00  0.00000E+00  0.00000E+00  0.00000E+00 -1.74595E-04  7.18560E-04
TABLE NO.     2: Importance Sampling: Problem=1 Subproblem=0 Superproblem1=0 Iteration1=0 Superproblem2=0 Iteration2=0
 NAME         THETA1       THETA2       SIGMA(1,1)   OMEGA(1,1)   OMEGA(2,1)   OMEGA(2,2)   OMEGA(3,1)   OMEGA(3,2)   OMEGA(3,3)   OMEGA(4,1)   OMEGA(4,2)   OMEGA(4,3)   OMEGA(4,4)   OMEGA(5,1)   OMEGA(5,2)   OMEGA(5,3)   OMEGA(5,4)   OMEGA(5,5)   OMEGA(6,1)   OMEGA(6,2)   OMEGA(6,3)   OMEGA(6,4)   OMEGA(6,5)   OMEGA(6,6)
 THETA1        4.95524E-06  2.38224E-07  1.00323E-08 -2.11983E-08  3.07783E-08 -1.81561E-08  0.00000E+00  0.00000E+00  6.20627E-08  0.00000E+00  0.00000E+00  8.57887E-09  2.34360E-08  0.00000E+00  0.00000E+00  0.00000E+00  0.00000E+00  1.93013E-06  0.00000E+00  0.00000E+00  0.00000E+00  0.00000E+00 -5.08064E-07  1.12638E-06
 THETA2        2.38224E-07  5.34646E-06  1.17919E-08  1.75993E-08 -5.50524E-09  4.09222E-09  0.00000E+00  0.00000E+00  5.26370E-08  0.00000E+00  0.00000E+00  2.71636E-08 -4.25167E-09  0.00000E+00  0.00000E+00  0.00000E+00  0.00000E+00 -9.60591E-08  0.00000E+00  0.00000E+00  0.00000E+00  0.00000E+00  2.22813E-07  8.34196E-07
 SIGMA(1,1)    1.00323E-08  1.17919E-08  1.56042E-08 -2.98141E-09 -9.21420E-10 -3.62627E-09  0.00000E+00  0.00000E+00  2.41079E-09  0.00000E+00  0.00000E+00 -1.80707E-12 -1.93142E-09  0.00000E+00  0.00000E+00  0.00000E+00  0.00000E+00 -1.13601E-07  0.00000E+00  0.00000E+00  0.00000E+00  0.00000E+00  3.43912E-08 -1.62320E-08
 OMEGA(1,1)   -2.11983E-08  1.75993E-08 -2.98141E-09  1.19061E-07  6.42773E-09  4.32973E-10  0.00000E+00  0.00000E+00  1.85481E-08  0.00000E+00  0.00000E+00 -6.89392E-09  1.76570E-08  0.00000E+00  0.00000E+00  0.00000E+00  0.00000E+00  2.42027E-07  0.00000E+00  0.00000E+00  0.00000E+00  0.00000E+00 -1.05247E-07  5.09000E-08
 OMEGA(2,1)    3.07783E-08 -5.50524E-09 -9.21420E-10  6.42773E-09  6.68381E-08  6.37047E-09  0.00000E+00  0.00000E+00  6.15384E-09  0.00000E+00  0.00000E+00 -2.03405E-08  5.18016E-09  0.00000E+00  0.00000E+00  0.00000E+00  0.00000E+00  3.33686E-08  0.00000E+00  0.00000E+00  0.00000E+00  0.00000E+00  1.24850E-07 -1.06486E-07
 OMEGA(2,2)   -1.81561E-08  4.09222E-09 -3.62627E-09  4.32973E-10  6.37047E-09  1.43079E-07  0.00000E+00  0.00000E+00 -1.38277E-08  0.00000E+00  0.00000E+00  9.93156E-09 -9.70723E-09  0.00000E+00  0.00000E+00  0.00000E+00  0.00000E+00 -2.61464E-07  0.00000E+00  0.00000E+00  0.00000E+00  0.00000E+00  3.59135E-08 -4.13616E-07
 OMEGA(3,1)    0.00000E+00  0.00000E+00  0.00000E+00  0.00000E+00  0.00000E+00  0.00000E+00  0.00000E+00  0.00000E+00  0.00000E+00  0.00000E+00  0.00000E+00  0.00000E+00  0.00000E+00  0.00000E+00  0.00000E+00  0.00000E+00  0.00000E+00  0.00000E+00  0.00000E+00  0.00000E+00  0.00000E+00  0.00000E+00  0.00000E+00  0.00000E+00
 OMEGA(3,2)    0.00000E+00  0.00000E+00  0.00000E+00  0.00000E+00  0.00000E+00  0.00000E+00  0.00000E+00  0.00000E+00  0.00000E+00  0.00000E+00  0.00000E+00  0.00000E+00  0.00000E+00  0.00000E+00  0.00000E+00  0.00000E+00  0.00000E+00  0.00000E+00  0.00000E+00  0.00000E+00  0.00000E+00  0.00000E+00  0.00000E+00  0.00000E+00
 OMEGA(3,3)    6.20627E-08  5.26370E-08  2.41079E-09  1.85481E-08  6.15384E-09 -1.38277E-08  0.00000E+00  0.00000E+00  5.46861E-06  0.00000E+00  0.00000E+00 -3.56077E-07 -1.11634E-07  0.00000E+00  0.00000E+00  0.00000E+00  0.00000E+00  5.84136E-06  0.00000E+00  0.00000E+00  0.00000E+00  0.00000E+00 -4.63108E-06 -5.38923E-07
 OMEGA(4,1)    0.00000E+00  0.00000E+00  0.00000E+00  0.00000E+00  0.00000E+00  0.00000E+00  0.00000E+00  0.00000E+00  0.00000E+00  0.00000E+00  0.00000E+00  0.00000E+00  0.00000E+00  0.00000E+00  0.00000E+00  0.00000E+00  0.00000E+00  0.00000E+00  0.00000E+00  0.00000E+00  0.00000E+00  0.00000E+00  0.00000E+00  0.00000E+00
 OMEGA(4,2)    0.00000E+00  0.00000E+00  0.00000E+00  0.00000E+00  0.00000E+00  0.00000E+00  0.00000E+00  0.00000E+00  0.00000E+00  0.00000E+00  0.00000E+00  0.00000E+00  0.00000E+00  0.00000E+00  0.00000E+00  0.00000E+00  0.00000E+00  0.00000E+00  0.00000E+00  0.00000E+00  0.00000E+00  0.00000E+00  0.00000E+00  0.00000E+00
 OMEGA(4,3)    8.57887E-09  2.71636E-08 -1.80707E-12 -6.89392E-09 -2.03405E-08  9.93156E-09  0.00000E+00  0.00000E+00 -3.56077E-07  0.00000E+00  0.00000E+00  3.48259E-06  8.06381E-09  0.00000E+00  0.00000E+00  0.00000E+00  0.00000E+00  2.41645E-06  0.00000E+00  0.00000E+00  0.00000E+00  0.00000E+00  1.87778E-06 -5.39869E-06
 OMEGA(4,4)    2.34360E-08 -4.25167E-09 -1.93142E-09  1.76570E-08  5.18016E-09 -9.70723E-09  0.00000E+00  0.00000E+00 -1.11634E-07  0.00000E+00  0.00000E+00  8.06381E-09  7.46797E-06  0.00000E+00  0.00000E+00  0.00000E+00  0.00000E+00  5.14548E-06  0.00000E+00  0.00000E+00  0.00000E+00  0.00000E+00 -1.26406E-06  7.96643E-07
 OMEGA(5,1)    0.00000E+00  0.00000E+00  0.00000E+00  0.00000E+00  0.00000E+00  0.00000E+00  0.00000E+00  0.00000E+00  0.00000E+00  0.00000E+00  0.00000E+00  0.00000E+00  0.00000E+00  0.00000E+00  0.00000E+00  0.00000E+00  0.00000E+00  0.00000E+00  0.00000E+00  0.00000E+00  0.00000E+00  0.00000E+00  0.00000E+00  0.00000E+00
 OMEGA(5,2)    0.00000E+00  0.00000E+00  0.00000E+00  0.00000E+00  0.00000E+00  0.00000E+00  0.00000E+00  0.00000E+00  0.00000E+00  0.00000E+00  0.00000E+00  0.00000E+00  0.00000E+00  0.00000E+00  0.00000E+00  0.00000E+00  0.00000E+00  0.00000E+00  0.00000E+00  0.00000E+00  0.00000E+00  0.00000E+00  0.00000E+00  0.00000E+00
 OMEGA(5,3)    0.00000E+00  0.00000E+00  0.00000E+00  0.00000E+00  0.00000E+00  0.00000E+00  0.00000E+00  0.00000E+00  0.00000E+00  0.00000E+00  0.00000E+00  0.00000E+00  0.00000E+00  0.00000E+00  0.00000E+00  0.00000E+00  0.00000E+00  0.00000E+00  0.00000E+00  0.00000E+00  0.00000E+00  0.00000E+00  0.00000E+00  0.00000E+00
 OMEGA(5,4)    0.00000E+00  0.00000E+00  0.00000E+00  0.00000E+00  0.00000E+00  0.00000E+00  0.00000E+00  0.00000E+00  0.00000E+00  0.00000E+00  0.00000E+00  0.00000E+00  0.00000E+00  0.00000E+00  0.00000E+00  0.00000E+00  0.00000E+00  0.00000E+00  0.00000E+00  0.00000E+00  0.00000E+00  0.00000E+00  0.00000E+00  0.00000E+00
 OMEGA(5,5)    1.93013E-06 -9.60591E-08 -1.13601E-07  2.42027E-07  3.33686E-08 -2.61464E-07  0.00000E+00  0.00000E+00  5.84136E-06  0.00000E+00  0.00000E+00  2.41645E-06  5.14548E-06  0.00000E+00  0.00000E+00  0.00000E+00  0.00000E+00  1.07833E-03  0.00000E+00  0.00000E+00  0.00000E+00  0.00000E+00 -5.35171E-04  1.71988E-04
 OMEGA(6,1)    0.00000E+00  0.00000E+00  0.00000E+00  0.00000E+00  0.00000E+00  0.00000E+00  0.00000E+00  0.00000E+00  0.00000E+00  0.00000E+00  0.00000E+00  0.00000E+00  0.00000E+00  0.00000E+00  0.00000E+00  0.00000E+00  0.00000E+00  0.00000E+00  0.00000E+00  0.00000E+00  0.00000E+00  0.00000E+00  0.00000E+00  0.00000E+00
 OMEGA(6,2)    0.00000E+00  0.00000E+00  0.00000E+00  0.00000E+00  0.00000E+00  0.00000E+00  0.00000E+00  0.00000E+00  0.00000E+00  0.00000E+00  0.00000E+00  0.00000E+00  0.00000E+00  0.00000E+00  0.00000E+00  0.00000E+00  0.00000E+00  0.00000E+00  0.00000E+00  0.00000E+00  0.00000E+00  0.00000E+00  0.00000E+00  0.00000E+00
 OMEGA(6,3)    0.00000E+00  0.00000E+00  0.00000E+00  0.00000E+00  0.00000E+00  0.00000E+00  0.00000E+00  0.00000E+00  0.00000E+00  0.00000E+00  0.00000E+00  0.00000E+00  0.00000E+00  0.00000E+00  0.00000E+00  0.00000E+00  0.00000E+00  0.00000E+00  0.00000E+00  0.00000E+00  0.00000E+00  0.00000E+00  0.00000E+00  0.00000E+00
 OMEGA(6,4)    0.00000E+00  0.00000E+00  0.00000E+00  0.00000E+00  0.00000E+00  0.00000E+00  0.00000E+00  0.00000E+00  0.00000E+00  0.00000E+00  0.00000E+00  0.00000E+00  0.00000E+00  0.00000E+00  0.00000E+00  0.00000E+00  0.00000E+00  0.00000E+00  0.00000E+00  0.00000E+00  0.00000E+00  0.00000E+00  0.00000E+00  0.00000E+00
 OMEGA(6,5)   -5.08064E-07  2.22813E-07  3.43912E-08 -1.05247E-07  1.24850E-07  3.59135E-08  0.00000E+00  0.00000E+00 -4.63108E-06  0.00000E+00  0.00000E+00  1.87778E-06 -1.26406E-06  0.00000E+00  0.00000E+00  0.00000E+00  0.00000E+00 -5.35171E-04  0.00000E+00  0.00000E+00  0.00000E+00  0.00000E+00  6.08644E-04 -1.92580E-04
 OMEGA(6,6)    1.12638E-06  8.34196E-07 -1.62320E-08  5.09000E-08 -1.06486E-07 -4.13616E-07  0.00000E+00  0.00000E+00 -5.38923E-07  0.00000E+00  0.00000E+00 -5.39869E-06  7.96643E-07  0.00000E+00  0.00000E+00  0.00000E+00  0.00000E+00  1.71988E-04  0.00000E+00  0.00000E+00  0.00000E+00  0.00000E+00 -1.92580E-04  7.30206E-04
