TABLE NO.     1: Iterative Two Stage (No Prior): Problem=1 Subproblem=0 Superproblem1=0 Iteration1=0 Superproblem2=0 Iteration2=0
 NAME         THETA1       THETA2       SIGMA(1,1)   OMEGA(1,1)   OMEGA(2,1)   OMEGA(2,2)   OMEGA(3,1)   OMEGA(3,2)   OMEGA(3,3)   OMEGA(4,1)   OMEGA(4,2)   OMEGA(4,3)   OMEGA(4,4)   OMEGA(5,1)   OMEGA(5,2)   OMEGA(5,3)   OMEGA(5,4)   OMEGA(5,5)   OMEGA(6,1)   OMEGA(6,2)   OMEGA(6,3)   OMEGA(6,4)   OMEGA(6,5)   OMEGA(6,6)
 THETA1        5.52467E-06  3.20798E-07  1.51134E-08 -5.24527E-09  6.69379E-08  4.77694E-09  0.00000E+00  0.00000E+00  6.34520E-08  0.00000E+00  0.00000E+00 -2.12919E-09  4.10715E-08  0.00000E+00  0.00000E+00  0.00000E+00  0.00000E+00  2.20639E-06  0.00000E+00  0.00000E+00  0.00000E+00  0.00000E+00 -5.59087E-07  1.21212E-06
 THETA2        3.20798E-07  5.95074E-06  2.85448E-09  5.76808E-08  2.49292E-08  1.62006E-08  0.00000E+00  0.00000E+00  6.69344E-08  0.00000E+00  0.00000E+00  2.04927E-08  7.24559E-09  0.00000E+00  0.00000E+00  0.00000E+00  0.00000E+00  6.55753E-08  0.00000E+00  0.00000E+00  0.00000E+00  0.00000E+00  1.87229E-07  9.51892E-07
 SIGMA(1,1)    1.51134E-08  2.85448E-09  1.62391E-08 -1.88173E-09 -2.62131E-10 -2.18877E-09  0.00000E+00  0.00000E+00  1.82142E-09  0.00000E+00  0.00000E+00 -5.46810E-10 -2.57516E-09  0.00000E+00  0.00000E+00  0.00000E+00  0.00000E+00 -1.24136E-07  0.00000E+00  0.00000E+00  0.00000E+00  0.00000E+00  2.79957E-08 -2.02914E-08
 OMEGA(1,1)   -5.24527E-09  5.76808E-08 -1.88173E-09  1.15754E-07  8.29981E-09 -2.10445E-09  0.00000E+00  0.00000E+00  1.77937E-08  0.00000E+00  0.00000E+00 -7.02208E-09  1.68511E-08  0.00000E+00  0.00000E+00  0.00000E+00  0.00000E+00  1.90733E-07  0.00000E+00  0.00000E+00  0.00000E+00  0.00000E+00 -8.02507E-08  6.72691E-08
 OMEGA(2,1)    6.69379E-08  2.49292E-08 -2.62131E-10  8.29981E-09  6.52315E-08  1.79712E-12  0.00000E+00  0.00000E+00  6.75661E-09  0.00000E+00  0.00000E+00 -1.96735E-08  6.55295E-09  0.00000E+00  0.00000E+00  0.00000E+00  0.00000E+00  5.51914E-08  0.00000E+00  0.00000E+00  0.00000E+00  0.00000E+00  1.12731E-07 -6.50948E-08
 OMEGA(2,2)    4.77694E-09  1.62006E-08 -2.18877E-09 -2.10445E-09  1.79712E-12  1.43940E-07  0.00000E+00  0.00000E+00 -1.28771E-08  0.00000E+00  0.00000E+00  1.10817E-08 -1.10609E-08  0.00000E+00  0.00000E+00  0.00000E+00  0.00000E+00 -2.53400E-07  0.00000E+00  0.00000E+00  0.00000E+00  0.00000E+00  1.58416E-08 -4.08762E-07
 OMEGA(3,1)    0.00000E+00  0.00000E+00  0.00000E+00  0.00000E+00  0.00000E+00  0.00000E+00  0.00000E+00  0.00000E+00  0.00000E+00  0.00000E+00  0.00000E+00  0.00000E+00  0.00000E+00  0.00000E+00  0.00000E+00  0.00000E+00  0.00000E+00  0.00000E+00  0.00000E+00  0.00000E+00  0.00000E+00  0.00000E+00  0.00000E+00  0.00000E+00
 OMEGA(3,2)    0.00000E+00  0.00000E+00  0.00000E+00  0.00000E+00  0.00000E+00  0.00000E+00  0.00000E+00  0.00000E+00  0.00000E+00  0.00000E+00  0.00000E+00  0.00000E+00  0.00000E+00  0.00000E+00  0.00000E+00  0.00000E+00  0.00000E+00  0.00000E+00  0.00000E+00  0.00000E+00  0.00000E+00  0.00000E+00  0.00000E+00  0.00000E+00
 OMEGA(3,3)    6.34520E-08  6.69344E-08  1.82142E-09  1.77937E-08  6.75661E-09 -1.28771E-08  0.00000E+00  0.00000E+00  5.17873E-06  0.00000E+00  0.00000E+00 -2.35251E-07 -1.02670E-07  0.00000E+00  0.00000E+00  0.00000E+00  0.00000E+00  5.47907E-06  0.00000E+00  0.00000E+00  0.00000E+00  0.00000E+00 -4.32661E-06 -7.28137E-07
 OMEGA(4,1)    0.00000E+00  0.00000E+00  0.00000E+00  0.00000E+00  0.00000E+00  0.00000E+00  0.00000E+00  0.00000E+00  0.00000E+00  0.00000E+00  0.00000E+00  0.00000E+00  0.00000E+00  0.00000E+00  0.00000E+00  0.00000E+00  0.00000E+00  0.00000E+00  0.00000E+00  0.00000E+00  0.00000E+00  0.00000E+00  0.00000E+00  0.00000E+00
 OMEGA(4,2)    0.00000E+00  0.00000E+00  0.00000E+00  0.00000E+00  0.00000E+00  0.00000E+00  0.00000E+00  0.00000E+00  0.00000E+00  0.00000E+00  0.00000E+00  0.00000E+00  0.00000E+00  0.00000E+00  0.00000E+00  0.00000E+00  0.00000E+00  0.00000E+00  0.00000E+00  0.00000E+00  0.00000E+00  0.00000E+00  0.00000E+00  0.00000E+00
 OMEGA(4,3)   -2.12919E-09  2.04927E-08 -5.46810E-10 -7.02208E-09 -1.96735E-08  1.10817E-08  0.00000E+00  0.00000E+00 -2.35251E-07  0.00000E+00  0.00000E+00  3.39304E-06  1.07308E-07  0.00000E+00  0.00000E+00  0.00000E+00  0.00000E+00  2.44353E-06  0.00000E+00  0.00000E+00  0.00000E+00  0.00000E+00  1.78039E-06 -5.25919E-06
 OMEGA(4,4)    4.10715E-08  7.24559E-09 -2.57516E-09  1.68511E-08  6.55295E-09 -1.10609E-08  0.00000E+00  0.00000E+00 -1.02670E-07  0.00000E+00  0.00000E+00  1.07308E-07  7.41659E-06  0.00000E+00  0.00000E+00  0.00000E+00  0.00000E+00  4.92383E-06  0.00000E+00  0.00000E+00  0.00000E+00  0.00000E+00 -1.18827E-06  8.04299E-07
 OMEGA(5,1)    0.00000E+00  0.00000E+00  0.00000E+00  0.00000E+00  0.00000E+00  0.00000E+00  0.00000E+00  0.00000E+00  0.00000E+00  0.00000E+00  0.00000E+00  0.00000E+00  0.00000E+00  0.00000E+00  0.00000E+00  0.00000E+00  0.00000E+00  0.00000E+00  0.00000E+00  0.00000E+00  0.00000E+00  0.00000E+00  0.00000E+00  0.00000E+00
 OMEGA(5,2)    0.00000E+00  0.00000E+00  0.00000E+00  0.00000E+00  0.00000E+00  0.00000E+00  0.00000E+00  0.00000E+00  0.00000E+00  0.00000E+00  0.00000E+00  0.00000E+00  0.00000E+00  0.00000E+00  0.00000E+00  0.00000E+00  0.00000E+00  0.00000E+00  0.00000E+00  0.00000E+00  0.00000E+00  0.00000E+00  0.00000E+00  0.00000E+00
 OMEGA(5,3)    0.00000E+00  0.00000E+00  0.00000E+00  0.00000E+00  0.00000E+00  0.00000E+00  0.00000E+00  0.00000E+00  0.00000E+00  0.00000E+00  0.00000E+00  0.00000E+00  0.00000E+00  0.00000E+00  0.00000E+00  0.00000E+00  0.00000E+00  0.00000E+00  0.00000E+00  0.00000E+00  0.00000E+00  0.00000E+00  0.00000E+00  0.00000E+00
 OMEGA(5,4)    0.00000E+00  0.00000E+00  0.00000E+00  0.00000E+00  0.00000E+00  0.00000E+00  0.00000E+00  0.00000E+00  0.00000E+00  0.00000E+00  0.00000E+00  0.00000E+00  0.00000E+00  0.00000E+00  0.00000E+00  0.00000E+00  0.00000E+00  0.00000E+00  0.00000E+00  0.00000E+00  0.00000E+00  0.00000E+00  0.00000E+00  0.00000E+00
 OMEGA(5,5)    2.20639E-06  6.55753E-08 -1.24136E-07  1.90733E-07  5.51914E-08 -2.53400E-07  0.00000E+00  0.00000E+00  5.47907E-06  0.00000E+00  0.00000E+00  2.44353E-06  4.92383E-06  0.00000E+00  0.00000E+00  0.00000E+00  0.00000E+00  1.00732E-03  0.00000E+00  0.00000E+00  0.00000E+00  0.00000E+00 -4.97756E-04  1.61546E-04
 OMEGA(6,1)    0.00000E+00  0.00000E+00  0.00000E+00  0.00000E+00  0.00000E+00  0.00000E+00  0.00000E+00  0.00000E+00  0.00000E+00  0.00000E+00  0.00000E+00  0.00000E+00  0.00000E+00  0.00000E+00  0.00000E+00  0.00000E+00  0.00000E+00  0.00000E+00  0.00000E+00  0.00000E+00  0.00000E+00  0.00000E+00  0.00000E+00  0.00000E+00
 OMEGA(6,2)    0.00000E+00  0.00000E+00  0.00000E+00  0.00000E+00  0.00000E+00  0.00000E+00  0.00000E+00  0.00000E+00  0.00000E+00  0.00000E+00  0.00000E+00  0.00000E+00  0.00000E+00  0.00000E+00  0.00000E+00  0.00000E+00  0.00000E+00  0.00000E+00  0.00000E+00  0.00000E+00  0.00000E+00  0.00000E+00  0.00000E+00  0.00000E+00
 OMEGA(6,3)    0.00000E+00  0.00000E+00  0.00000E+00  0.00000E+00  0.00000E+00  0.00000E+00  0.00000E+00  0.00000E+00  0.00000E+00  0.00000E+00  0.00000E+00  0.00000E+00  0.00000E+00  0.00000E+00  0.00000E+00  0.00000E+00  0.00000E+00  0.00000E+00  0.00000E+00  0.00000E+00  0.00000E+00  0.00000E+00  0.00000E+00  0.00000E+00
 OMEGA(6,4)    0.00000E+00  0.00000E+00  0.00000E+00  0.00000E+00  0.00000E+00  0.00000E+00  0.00000E+00  0.00000E+00  0.00000E+00  0.00000E+00  0.00000E+00  0.00000E+00  0.00000E+00  0.00000E+00  0.00000E+00  0.00000E+00  0.00000E+00  0.00000E+00  0.00000E+00  0.00000E+00  0.00000E+00  0.00000E+00  0.00000E+00  0.00000E+00
 OMEGA(6,5)   -5.59087E-07  1.87229E-07  2.79957E-08 -8.02507E-08  1.12731E-07  1.58416E-08  0.00000E+00  0.00000E+00 -4.32661E-06  0.00000E+00  0.00000E+00  1.78039E-06 -1.18827E-06  0.00000E+00  0.00000E+00  0.00000E+00  0.00000E+00 -4.97756E-04  0.00000E+00  0.00000E+00  0.00000E+00  0.00000E+00  5.85618E-04 -1.78563E-04
 OMEGA(6,6)    1.21212E-06  9.51892E-07 -2.02914E-08  6.72691E-08 -6.50948E-08 -4.08762E-07  0.00000E+00  0.00000E+00 -7.28137E-07  0.00000E+00  0.00000E+00 -5.25919E-06  8.04299E-07  0.00000E+00  0.00000E+00  0.00000E+00  0.00000E+00  1.61546E-04  0.00000E+00  0.00000E+00  0.00000E+00  0.00000E+00 -1.78563E-04  7.23095E-04
TABLE NO.     2: MCMC Bayesian Analysis: Problem=1 Subproblem=0 Superproblem1=0 Iteration1=0 Superproblem2=0 Iteration2=0
 NAME         THETA1       THETA2       SIGMA(1,1)   OMEGA(1,1)   OMEGA(2,1)   OMEGA(2,2)   OMEGA(3,1)   OMEGA(3,2)   OMEGA(3,3)   OMEGA(4,1)   OMEGA(4,2)   OMEGA(4,3)   OMEGA(4,4)   OMEGA(5,1)   OMEGA(5,2)   OMEGA(5,3)   OMEGA(5,4)   OMEGA(5,5)   OMEGA(6,1)   OMEGA(6,2)   OMEGA(6,3)   OMEGA(6,4)   OMEGA(6,5)   OMEGA(6,6)
 THETA1        4.75174E-06  3.42994E-07 -8.04909E-09 -3.35067E-08  2.96102E-08 -4.00856E-08  0.00000E+00  0.00000E+00  1.55085E-07  0.00000E+00  0.00000E+00  5.86943E-08 -2.20941E-07  0.00000E+00  0.00000E+00  0.00000E+00  0.00000E+00 -3.76677E-06  0.00000E+00  0.00000E+00  0.00000E+00  0.00000E+00  7.86503E-07 -3.35579E-07
 THETA2        3.42994E-07  5.83777E-06  7.21945E-09  3.51244E-08  1.07717E-08 -4.35395E-08  0.00000E+00  0.00000E+00 -4.33037E-08  0.00000E+00  0.00000E+00  9.08619E-08 -3.17253E-07  0.00000E+00  0.00000E+00  0.00000E+00  0.00000E+00  1.89139E-06  0.00000E+00  0.00000E+00  0.00000E+00  0.00000E+00 -3.97881E-06  4.54163E-07
 SIGMA(1,1)   -8.04909E-09  7.21945E-09  1.60729E-08 -3.07721E-09 -9.94987E-10 -4.43100E-11  0.00000E+00  0.00000E+00  2.42945E-08  0.00000E+00  0.00000E+00  1.65251E-08  1.69244E-08  0.00000E+00  0.00000E+00  0.00000E+00  0.00000E+00  9.20536E-08  0.00000E+00  0.00000E+00  0.00000E+00  0.00000E+00  2.34145E-08 -1.07124E-07
 OMEGA(1,1)   -3.35067E-08  3.51244E-08 -3.07721E-09  1.31146E-07  8.45986E-09 -6.51817E-09  0.00000E+00  0.00000E+00 -1.68803E-09  0.00000E+00  0.00000E+00 -3.75421E-08 -2.29920E-08  0.00000E+00  0.00000E+00  0.00000E+00  0.00000E+00 -8.79689E-08  0.00000E+00  0.00000E+00  0.00000E+00  0.00000E+00 -3.63146E-07  3.56205E-07
 OMEGA(2,1)    2.96102E-08  1.07717E-08 -9.94987E-10  8.45986E-09  7.56422E-08  4.23584E-09  0.00000E+00  0.00000E+00  8.76111E-09  0.00000E+00  0.00000E+00 -1.25245E-08  2.16361E-08  0.00000E+00  0.00000E+00  0.00000E+00  0.00000E+00 -1.76924E-07  0.00000E+00  0.00000E+00  0.00000E+00  0.00000E+00 -1.29652E-07  2.58774E-07
 OMEGA(2,2)   -4.00856E-08 -4.35395E-08 -4.43100E-11 -6.51817E-09  4.23584E-09  1.67816E-07  0.00000E+00  0.00000E+00 -2.12949E-08  0.00000E+00  0.00000E+00 -1.24585E-08 -1.40814E-08  0.00000E+00  0.00000E+00  0.00000E+00  0.00000E+00 -9.39269E-09  0.00000E+00  0.00000E+00  0.00000E+00  0.00000E+00  4.21868E-07  8.34589E-07
 OMEGA(3,1)    0.00000E+00  0.00000E+00  0.00000E+00  0.00000E+00  0.00000E+00  0.00000E+00  0.00000E+00  0.00000E+00  0.00000E+00  0.00000E+00  0.00000E+00  0.00000E+00  0.00000E+00  0.00000E+00  0.00000E+00  0.00000E+00  0.00000E+00  0.00000E+00  0.00000E+00  0.00000E+00  0.00000E+00  0.00000E+00  0.00000E+00  0.00000E+00
 OMEGA(3,2)    0.00000E+00  0.00000E+00  0.00000E+00  0.00000E+00  0.00000E+00  0.00000E+00  0.00000E+00  0.00000E+00  0.00000E+00  0.00000E+00  0.00000E+00  0.00000E+00  0.00000E+00  0.00000E+00  0.00000E+00  0.00000E+00  0.00000E+00  0.00000E+00  0.00000E+00  0.00000E+00  0.00000E+00  0.00000E+00  0.00000E+00  0.00000E+00
 OMEGA(3,3)    1.55085E-07 -4.33037E-08  2.42945E-08 -1.68803E-09  8.76111E-09 -2.12949E-08  0.00000E+00  0.00000E+00  6.79661E-06  0.00000E+00  0.00000E+00  3.77245E-07 -4.93081E-08  0.00000E+00  0.00000E+00  0.00000E+00  0.00000E+00 -2.31255E-06  0.00000E+00  0.00000E+00  0.00000E+00  0.00000E+00 -1.65951E-07 -2.79433E-06
 OMEGA(4,1)    0.00000E+00  0.00000E+00  0.00000E+00  0.00000E+00  0.00000E+00  0.00000E+00  0.00000E+00  0.00000E+00  0.00000E+00  0.00000E+00  0.00000E+00  0.00000E+00  0.00000E+00  0.00000E+00  0.00000E+00  0.00000E+00  0.00000E+00  0.00000E+00  0.00000E+00  0.00000E+00  0.00000E+00  0.00000E+00  0.00000E+00  0.00000E+00
 OMEGA(4,2)    0.00000E+00  0.00000E+00  0.00000E+00  0.00000E+00  0.00000E+00  0.00000E+00  0.00000E+00  0.00000E+00  0.00000E+00  0.00000E+00  0.00000E+00  0.00000E+00  0.00000E+00  0.00000E+00  0.00000E+00  0.00000E+00  0.00000E+00  0.00000E+00  0.00000E+00  0.00000E+00  0.00000E+00  0.00000E+00  0.00000E+00  0.00000E+00
 OMEGA(4,3)    5.86943E-08  9.08619E-08  1.65251E-08 -3.75421E-08 -1.25245E-08 -1.24585E-08  0.00000E+00  0.00000E+00  3.77245E-07  0.00000E+00  0.00000E+00  3.74511E-06  5.10969E-07  0.00000E+00  0.00000E+00  0.00000E+00  0.00000E+00  1.31985E-06  0.00000E+00  0.00000E+00  0.00000E+00  0.00000E+00  2.14654E-06 -6.38056E-07
 OMEGA(4,4)   -2.20941E-07 -3.17253E-07  1.69244E-08 -2.29920E-08  2.16361E-08 -1.40814E-08  0.00000E+00  0.00000E+00 -4.93081E-08  0.00000E+00  0.00000E+00  5.10969E-07  8.36618E-06  0.00000E+00  0.00000E+00  0.00000E+00  0.00000E+00  1.76770E-06  0.00000E+00  0.00000E+00  0.00000E+00  0.00000E+00  1.67952E-08 -6.09711E-07
 OMEGA(5,1)    0.00000E+00  0.00000E+00  0.00000E+00  0.00000E+00  0.00000E+00  0.00000E+00  0.00000E+00  0.00000E+00  0.00000E+00  0.00000E+00  0.00000E+00  0.00000E+00  0.00000E+00  0.00000E+00  0.00000E+00  0.00000E+00  0.00000E+00  0.00000E+00  0.00000E+00  0.00000E+00  0.00000E+00  0.00000E+00  0.00000E+00  0.00000E+00
 OMEGA(5,2)    0.00000E+00  0.00000E+00  0.00000E+00  0.00000E+00  0.00000E+00  0.00000E+00  0.00000E+00  0.00000E+00  0.00000E+00  0.00000E+00  0.00000E+00  0.00000E+00  0.00000E+00  0.00000E+00  0.00000E+00  0.00000E+00  0.00000E+00  0.00000E+00  0.00000E+00  0.00000E+00  0.00000E+00  0.00000E+00  0.00000E+00  0.00000E+00
 OMEGA(5,3)    0.00000E+00  0.00000E+00  0.00000E+00  0.00000E+00  0.00000E+00  0.00000E+00  0.00000E+00  0.00000E+00  0.00000E+00  0.00000E+00  0.00000E+00  0.00000E+00  0.00000E+00  0.00000E+00  0.00000E+00  0.00000E+00  0.00000E+00  0.00000E+00  0.00000E+00  0.00000E+00  0.00000E+00  0.00000E+00  0.00000E+00  0.00000E+00
 OMEGA(5,4)    0.00000E+00  0.00000E+00  0.00000E+00  0.00000E+00  0.00000E+00  0.00000E+00  0.00000E+00  0.00000E+00  0.00000E+00  0.00000E+00  0.00000E+00  0.00000E+00  0.00000E+00  0.00000E+00  0.00000E+00  0.00000E+00  0.00000E+00  0.00000E+00  0.00000E+00  0.00000E+00  0.00000E+00  0.00000E+00  0.00000E+00  0.00000E+00
 OMEGA(5,5)   -3.76677E-06  1.89139E-06  9.20536E-08 -8.79689E-08 -1.76924E-07 -9.39269E-09  0.00000E+00  0.00000E+00 -2.31255E-06  0.00000E+00  0.00000E+00  1.31985E-06  1.76770E-06  0.00000E+00  0.00000E+00  0.00000E+00  0.00000E+00  1.05802E-03  0.00000E+00  0.00000E+00  0.00000E+00  0.00000E+00 -1.80228E-04  8.73872E-05
 OMEGA(6,1)    0.00000E+00  0.00000E+00  0.00000E+00  0.00000E+00  0.00000E+00  0.00000E+00  0.00000E+00  0.00000E+00  0.00000E+00  0.00000E+00  0.00000E+00  0.00000E+00  0.00000E+00  0.00000E+00  0.00000E+00  0.00000E+00  0.00000E+00  0.00000E+00  0.00000E+00  0.00000E+00  0.00000E+00  0.00000E+00  0.00000E+00  0.00000E+00
 OMEGA(6,2)    0.00000E+00  0.00000E+00  0.00000E+00  0.00000E+00  0.00000E+00  0.00000E+00  0.00000E+00  0.00000E+00  0.00000E+00  0.00000E+00  0.00000E+00  0.00000E+00  0.00000E+00  0.00000E+00  0.00000E+00  0.00000E+00  0.00000E+00  0.00000E+00  0.00000E+00  0.00000E+00  0.00000E+00  0.00000E+00  0.00000E+00  0.00000E+00
 OMEGA(6,3)    0.00000E+00  0.00000E+00  0.00000E+00  0.00000E+00  0.00000E+00  0.00000E+00  0.00000E+00  0.00000E+00  0.00000E+00  0.00000E+00  0.00000E+00  0.00000E+00  0.00000E+00  0.00000E+00  0.00000E+00  0.00000E+00  0.00000E+00  0.00000E+00  0.00000E+00  0.00000E+00  0.00000E+00  0.00000E+00  0.00000E+00  0.00000E+00
 OMEGA(6,4)    0.00000E+00  0.00000E+00  0.00000E+00  0.00000E+00  0.00000E+00  0.00000E+00  0.00000E+00  0.00000E+00  0.00000E+00  0.00000E+00  0.00000E+00  0.00000E+00  0.00000E+00  0.00000E+00  0.00000E+00  0.00000E+00  0.00000E+00  0.00000E+00  0.00000E+00  0.00000E+00  0.00000E+00  0.00000E+00  0.00000E+00  0.00000E+00
 OMEGA(6,5)    7.86503E-07 -3.97881E-06  2.34145E-08 -3.63146E-07 -1.29652E-07  4.21868E-07  0.00000E+00  0.00000E+00 -1.65951E-07  0.00000E+00  0.00000E+00  2.14654E-06  1.67952E-08  0.00000E+00  0.00000E+00  0.00000E+00  0.00000E+00 -1.80228E-04  0.00000E+00  0.00000E+00  0.00000E+00  0.00000E+00  4.47646E-04 -1.43885E-04
 OMEGA(6,6)   -3.35579E-07  4.54163E-07 -1.07124E-07  3.56205E-07  2.58774E-07  8.34589E-07  0.00000E+00  0.00000E+00 -2.79433E-06  0.00000E+00  0.00000E+00 -6.38056E-07 -6.09711E-07  0.00000E+00  0.00000E+00  0.00000E+00  0.00000E+00  8.73872E-05  0.00000E+00  0.00000E+00  0.00000E+00  0.00000E+00 -1.43885E-04  7.85484E-04
