TABLE NO.     1: Iterative Two Stage: Problem=1 Subproblem=0 Superproblem1=0 Iteration1=0 Superproblem2=0 Iteration2=0
 NAME         THETA1       THETA2       SIGMA(1,1)   OMEGA(1,1)   OMEGA(2,1)   OMEGA(2,2)   OMEGA(3,1)   OMEGA(3,2)   OMEGA(3,3)   OMEGA(4,1)   OMEGA(4,2)   OMEGA(4,3)   OMEGA(4,4)   OMEGA(5,1)   OMEGA(5,2)   OMEGA(5,3)   OMEGA(5,4)   OMEGA(5,5)   OMEGA(6,1)   OMEGA(6,2)   OMEGA(6,3)   OMEGA(6,4)   OMEGA(6,5)   OMEGA(6,6)
 THETA1        2.35076E-03  5.61281E-02  5.04913E-02 -7.23914E-03  1.11368E-01  5.34644E-03  0.00000E+00  0.00000E+00  1.18689E-02  0.00000E+00  0.00000E+00 -4.70217E-04  6.41585E-03  0.00000E+00  0.00000E+00  0.00000E+00  0.00000E+00  2.96253E-02  0.00000E+00  0.00000E+00  0.00000E+00  0.00000E+00 -9.85534E-03  1.92248E-02
 THETA2        5.61281E-02  2.43946E-03  9.19742E-03  6.95718E-02  3.95675E-02  1.72613E-02  0.00000E+00  0.00000E+00  1.20892E-02  0.00000E+00  0.00000E+00  4.58602E-03  1.08955E-03  0.00000E+00  0.00000E+00  0.00000E+00  0.00000E+00  8.69113E-04  0.00000E+00  0.00000E+00  0.00000E+00  0.00000E+00  3.15388E-03  1.45678E-02
 SIGMA(1,1)    5.04913E-02  9.19742E-03  1.27573E-04 -4.33761E-02 -8.05678E-03 -4.52942E-02  0.00000E+00  0.00000E+00  6.28304E-03  0.00000E+00  0.00000E+00 -2.33329E-03 -7.41536E-03  0.00000E+00  0.00000E+00  0.00000E+00  0.00000E+00 -3.06899E-02  0.00000E+00  0.00000E+00  0.00000E+00  0.00000E+00  9.07425E-03 -5.91835E-03
 OMEGA(1,1)   -7.23914E-03  6.95718E-02 -4.33761E-02  3.40292E-04  9.60077E-02 -1.63477E-02  0.00000E+00  0.00000E+00  2.29955E-02  0.00000E+00  0.00000E+00 -1.12218E-02  1.81869E-02  0.00000E+00  0.00000E+00  0.00000E+00  0.00000E+00  1.76533E-02  0.00000E+00  0.00000E+00  0.00000E+00  0.00000E+00 -9.74167E-03  7.35036E-03
 OMEGA(2,1)    1.11368E-01  3.95675E-02 -8.05678E-03  9.60077E-02  2.55443E-04  3.75662E-04  0.00000E+00  0.00000E+00  1.16353E-02  0.00000E+00  0.00000E+00 -4.18130E-02  9.41373E-03  0.00000E+00  0.00000E+00  0.00000E+00  0.00000E+00  6.82785E-03  0.00000E+00  0.00000E+00  0.00000E+00  0.00000E+00  1.81883E-02 -9.44785E-03
 OMEGA(2,2)    5.34644E-03  1.72613E-02 -4.52942E-02 -1.63477E-02  3.75662E-04  3.79420E-04  0.00000E+00  0.00000E+00 -1.49147E-02  0.00000E+00  0.00000E+00  1.58453E-02 -1.07112E-02  0.00000E+00  0.00000E+00  0.00000E+00  0.00000E+00 -2.10513E-02  0.00000E+00  0.00000E+00  0.00000E+00  0.00000E+00  1.74381E-03 -4.00853E-02
 OMEGA(3,1)    0.00000E+00  0.00000E+00  0.00000E+00  0.00000E+00  0.00000E+00  0.00000E+00  0.00000E+00  0.00000E+00  0.00000E+00  0.00000E+00  0.00000E+00  0.00000E+00  0.00000E+00  0.00000E+00  0.00000E+00  0.00000E+00  0.00000E+00  0.00000E+00  0.00000E+00  0.00000E+00  0.00000E+00  0.00000E+00  0.00000E+00  0.00000E+00
 OMEGA(3,2)    0.00000E+00  0.00000E+00  0.00000E+00  0.00000E+00  0.00000E+00  0.00000E+00  0.00000E+00  0.00000E+00  0.00000E+00  0.00000E+00  0.00000E+00  0.00000E+00  0.00000E+00  0.00000E+00  0.00000E+00  0.00000E+00  0.00000E+00  0.00000E+00  0.00000E+00  0.00000E+00  0.00000E+00  0.00000E+00  0.00000E+00  0.00000E+00
 OMEGA(3,3)    1.18689E-02  1.20892E-02  6.28304E-03  2.29955E-02  1.16353E-02 -1.49147E-02  0.00000E+00  0.00000E+00  2.27536E-03  0.00000E+00  0.00000E+00 -5.61111E-02 -1.65567E-02  0.00000E+00  0.00000E+00  0.00000E+00  0.00000E+00  7.58918E-02  0.00000E+00  0.00000E+00  0.00000E+00  0.00000E+00 -7.85762E-02 -1.18916E-02
 OMEGA(4,1)    0.00000E+00  0.00000E+00  0.00000E+00  0.00000E+00  0.00000E+00  0.00000E+00  0.00000E+00  0.00000E+00  0.00000E+00  0.00000E+00  0.00000E+00  0.00000E+00  0.00000E+00  0.00000E+00  0.00000E+00  0.00000E+00  0.00000E+00  0.00000E+00  0.00000E+00  0.00000E+00  0.00000E+00  0.00000E+00  0.00000E+00  0.00000E+00
 OMEGA(4,2)    0.00000E+00  0.00000E+00  0.00000E+00  0.00000E+00  0.00000E+00  0.00000E+00  0.00000E+00  0.00000E+00  0.00000E+00  0.00000E+00  0.00000E+00  0.00000E+00  0.00000E+00  0.00000E+00  0.00000E+00  0.00000E+00  0.00000E+00  0.00000E+00  0.00000E+00  0.00000E+00  0.00000E+00  0.00000E+00  0.00000E+00  0.00000E+00
 OMEGA(4,3)   -4.70217E-04  4.58602E-03 -2.33329E-03 -1.12218E-02 -4.18130E-02  1.58453E-02  0.00000E+00  0.00000E+00 -5.61111E-02  0.00000E+00  0.00000E+00  1.84182E-03  2.13706E-02  0.00000E+00  0.00000E+00  0.00000E+00  0.00000E+00  4.17712E-02  0.00000E+00  0.00000E+00  0.00000E+00  0.00000E+00  3.99529E-02 -1.06172E-01
 OMEGA(4,4)    6.41585E-03  1.08955E-03 -7.41536E-03  1.81869E-02  9.41373E-03 -1.07112E-02  0.00000E+00  0.00000E+00 -1.65567E-02  0.00000E+00  0.00000E+00  2.13706E-02  2.72305E-03  0.00000E+00  0.00000E+00  0.00000E+00  0.00000E+00  5.69717E-02  0.00000E+00  0.00000E+00  0.00000E+00  0.00000E+00 -1.80355E-02  1.09936E-02
 OMEGA(5,1)    0.00000E+00  0.00000E+00  0.00000E+00  0.00000E+00  0.00000E+00  0.00000E+00  0.00000E+00  0.00000E+00  0.00000E+00  0.00000E+00  0.00000E+00  0.00000E+00  0.00000E+00  0.00000E+00  0.00000E+00  0.00000E+00  0.00000E+00  0.00000E+00  0.00000E+00  0.00000E+00  0.00000E+00  0.00000E+00  0.00000E+00  0.00000E+00
 OMEGA(5,2)    0.00000E+00  0.00000E+00  0.00000E+00  0.00000E+00  0.00000E+00  0.00000E+00  0.00000E+00  0.00000E+00  0.00000E+00  0.00000E+00  0.00000E+00  0.00000E+00  0.00000E+00  0.00000E+00  0.00000E+00  0.00000E+00  0.00000E+00  0.00000E+00  0.00000E+00  0.00000E+00  0.00000E+00  0.00000E+00  0.00000E+00  0.00000E+00
 OMEGA(5,3)    0.00000E+00  0.00000E+00  0.00000E+00  0.00000E+00  0.00000E+00  0.00000E+00  0.00000E+00  0.00000E+00  0.00000E+00  0.00000E+00  0.00000E+00  0.00000E+00  0.00000E+00  0.00000E+00  0.00000E+00  0.00000E+00  0.00000E+00  0.00000E+00  0.00000E+00  0.00000E+00  0.00000E+00  0.00000E+00  0.00000E+00  0.00000E+00
 OMEGA(5,4)    0.00000E+00  0.00000E+00  0.00000E+00  0.00000E+00  0.00000E+00  0.00000E+00  0.00000E+00  0.00000E+00  0.00000E+00  0.00000E+00  0.00000E+00  0.00000E+00  0.00000E+00  0.00000E+00  0.00000E+00  0.00000E+00  0.00000E+00  0.00000E+00  0.00000E+00  0.00000E+00  0.00000E+00  0.00000E+00  0.00000E+00  0.00000E+00
 OMEGA(5,5)    2.96253E-02  8.69113E-04 -3.06899E-02  1.76533E-02  6.82785E-03 -2.10513E-02  0.00000E+00  0.00000E+00  7.58918E-02  0.00000E+00  0.00000E+00  4.17712E-02  5.69717E-02  0.00000E+00  0.00000E+00  0.00000E+00  0.00000E+00  3.17355E-02  0.00000E+00  0.00000E+00  0.00000E+00  0.00000E+00 -6.48095E-01  1.89297E-01
 OMEGA(6,1)    0.00000E+00  0.00000E+00  0.00000E+00  0.00000E+00  0.00000E+00  0.00000E+00  0.00000E+00  0.00000E+00  0.00000E+00  0.00000E+00  0.00000E+00  0.00000E+00  0.00000E+00  0.00000E+00  0.00000E+00  0.00000E+00  0.00000E+00  0.00000E+00  0.00000E+00  0.00000E+00  0.00000E+00  0.00000E+00  0.00000E+00  0.00000E+00
 OMEGA(6,2)    0.00000E+00  0.00000E+00  0.00000E+00  0.00000E+00  0.00000E+00  0.00000E+00  0.00000E+00  0.00000E+00  0.00000E+00  0.00000E+00  0.00000E+00  0.00000E+00  0.00000E+00  0.00000E+00  0.00000E+00  0.00000E+00  0.00000E+00  0.00000E+00  0.00000E+00  0.00000E+00  0.00000E+00  0.00000E+00  0.00000E+00  0.00000E+00
 OMEGA(6,3)    0.00000E+00  0.00000E+00  0.00000E+00  0.00000E+00  0.00000E+00  0.00000E+00  0.00000E+00  0.00000E+00  0.00000E+00  0.00000E+00  0.00000E+00  0.00000E+00  0.00000E+00  0.00000E+00  0.00000E+00  0.00000E+00  0.00000E+00  0.00000E+00  0.00000E+00  0.00000E+00  0.00000E+00  0.00000E+00  0.00000E+00  0.00000E+00
 OMEGA(6,4)    0.00000E+00  0.00000E+00  0.00000E+00  0.00000E+00  0.00000E+00  0.00000E+00  0.00000E+00  0.00000E+00  0.00000E+00  0.00000E+00  0.00000E+00  0.00000E+00  0.00000E+00  0.00000E+00  0.00000E+00  0.00000E+00  0.00000E+00  0.00000E+00  0.00000E+00  0.00000E+00  0.00000E+00  0.00000E+00  0.00000E+00  0.00000E+00
 OMEGA(6,5)   -9.85534E-03  3.15388E-03  9.07425E-03 -9.74167E-03  1.81883E-02  1.74381E-03  0.00000E+00  0.00000E+00 -7.85762E-02  0.00000E+00  0.00000E+00  3.99529E-02 -1.80355E-02  0.00000E+00  0.00000E+00  0.00000E+00  0.00000E+00 -6.48095E-01  0.00000E+00  0.00000E+00  0.00000E+00  0.00000E+00  2.41970E-02 -2.74431E-01
 OMEGA(6,6)    1.92248E-02  1.45678E-02 -5.91835E-03  7.35036E-03 -9.44785E-03 -4.00853E-02  0.00000E+00  0.00000E+00 -1.18916E-02  0.00000E+00  0.00000E+00 -1.06172E-01  1.09936E-02  0.00000E+00  0.00000E+00  0.00000E+00  0.00000E+00  1.89297E-01  0.00000E+00  0.00000E+00  0.00000E+00  0.00000E+00 -2.74431E-01  2.68882E-02
