TABLE NO.     1: Iterative Two Stage: Problem=1 Subproblem=0 Superproblem1=0 Iteration1=0 Superproblem2=0 Iteration2=0
 NAME         THETA1       THETA2       SIGMA(1,1)   OMEGA(1,1)   OMEGA(2,1)   OMEGA(2,2)   OMEGA(3,1)   OMEGA(3,2)   OMEGA(3,3)   OMEGA(4,1)   OMEGA(4,2)   OMEGA(4,3)   OMEGA(4,4)   OMEGA(5,1)   OMEGA(5,2)   OMEGA(5,3)   OMEGA(5,4)   OMEGA(5,5)   OMEGA(6,1)   OMEGA(6,2)   OMEGA(6,3)   OMEGA(6,4)   OMEGA(6,5)   OMEGA(6,6)
 THETA1        2.35047E-03  5.58153E-02  5.04962E-02 -7.32467E-03  1.11347E-01  5.32880E-03  0.00000E+00  0.00000E+00  1.18659E-02  0.00000E+00  0.00000E+00 -4.70010E-04  6.41565E-03  0.00000E+00  0.00000E+00  0.00000E+00  0.00000E+00  2.96264E-02  0.00000E+00  0.00000E+00  0.00000E+00  0.00000E+00 -9.85731E-03  1.92240E-02
 THETA2        5.58153E-02  2.43931E-03  9.20028E-03  6.95687E-02  3.95088E-02  1.72143E-02  0.00000E+00  0.00000E+00  1.20885E-02  0.00000E+00  0.00000E+00  4.58656E-03  1.08857E-03  0.00000E+00  0.00000E+00  0.00000E+00  0.00000E+00  8.66058E-04  0.00000E+00  0.00000E+00  0.00000E+00  0.00000E+00  3.15402E-03  1.45674E-02
 SIGMA(1,1)    5.04962E-02  9.20028E-03  1.27573E-04 -4.34047E-02 -8.08357E-03 -4.52990E-02  0.00000E+00  0.00000E+00  6.28167E-03  0.00000E+00  0.00000E+00 -2.33247E-03 -7.41566E-03  0.00000E+00  0.00000E+00  0.00000E+00  0.00000E+00 -3.06939E-02  0.00000E+00  0.00000E+00  0.00000E+00  0.00000E+00  9.07680E-03 -5.92104E-03
 OMEGA(1,1)   -7.32467E-03  6.95687E-02 -4.34047E-02  3.40205E-04  9.55742E-02 -1.63681E-02  0.00000E+00  0.00000E+00  2.29939E-02  0.00000E+00  0.00000E+00 -1.12136E-02  1.81862E-02  0.00000E+00  0.00000E+00  0.00000E+00  0.00000E+00  1.76591E-02  0.00000E+00  0.00000E+00  0.00000E+00  0.00000E+00 -9.75291E-03  7.35706E-03
 OMEGA(2,1)    1.11347E-01  3.95088E-02 -8.08357E-03  9.55742E-02  2.55396E-04 -5.11504E-05  0.00000E+00  0.00000E+00  1.16326E-02  0.00000E+00  0.00000E+00 -4.18164E-02  9.41519E-03  0.00000E+00  0.00000E+00  0.00000E+00  0.00000E+00  6.83546E-03  0.00000E+00  0.00000E+00  0.00000E+00  0.00000E+00  1.81851E-02 -9.43755E-03
 OMEGA(2,2)    5.32880E-03  1.72143E-02 -4.52990E-02 -1.63681E-02 -5.11504E-05  3.79381E-04  0.00000E+00  0.00000E+00 -1.49151E-02  0.00000E+00  0.00000E+00  1.58538E-02 -1.07138E-02  0.00000E+00  0.00000E+00  0.00000E+00  0.00000E+00 -2.10526E-02  0.00000E+00  0.00000E+00  0.00000E+00  0.00000E+00  1.73808E-03 -4.00798E-02
 OMEGA(3,1)    0.00000E+00  0.00000E+00  0.00000E+00  0.00000E+00  0.00000E+00  0.00000E+00  0.00000E+00  0.00000E+00  0.00000E+00  0.00000E+00  0.00000E+00  0.00000E+00  0.00000E+00  0.00000E+00  0.00000E+00  0.00000E+00  0.00000E+00  0.00000E+00  0.00000E+00  0.00000E+00  0.00000E+00  0.00000E+00  0.00000E+00  0.00000E+00
 OMEGA(3,2)    0.00000E+00  0.00000E+00  0.00000E+00  0.00000E+00  0.00000E+00  0.00000E+00  0.00000E+00  0.00000E+00  0.00000E+00  0.00000E+00  0.00000E+00  0.00000E+00  0.00000E+00  0.00000E+00  0.00000E+00  0.00000E+00  0.00000E+00  0.00000E+00  0.00000E+00  0.00000E+00  0.00000E+00  0.00000E+00  0.00000E+00  0.00000E+00
 OMEGA(3,3)    1.18659E-02  1.20885E-02  6.28167E-03  2.29939E-02  1.16326E-02 -1.49151E-02  0.00000E+00  0.00000E+00  2.27536E-03  0.00000E+00  0.00000E+00 -5.61184E-02 -1.65566E-02  0.00000E+00  0.00000E+00  0.00000E+00  0.00000E+00  7.58922E-02  0.00000E+00  0.00000E+00  0.00000E+00  0.00000E+00 -7.85766E-02 -1.18908E-02
 OMEGA(4,1)    0.00000E+00  0.00000E+00  0.00000E+00  0.00000E+00  0.00000E+00  0.00000E+00  0.00000E+00  0.00000E+00  0.00000E+00  0.00000E+00  0.00000E+00  0.00000E+00  0.00000E+00  0.00000E+00  0.00000E+00  0.00000E+00  0.00000E+00  0.00000E+00  0.00000E+00  0.00000E+00  0.00000E+00  0.00000E+00  0.00000E+00  0.00000E+00
 OMEGA(4,2)    0.00000E+00  0.00000E+00  0.00000E+00  0.00000E+00  0.00000E+00  0.00000E+00  0.00000E+00  0.00000E+00  0.00000E+00  0.00000E+00  0.00000E+00  0.00000E+00  0.00000E+00  0.00000E+00  0.00000E+00  0.00000E+00  0.00000E+00  0.00000E+00  0.00000E+00  0.00000E+00  0.00000E+00  0.00000E+00  0.00000E+00  0.00000E+00
 OMEGA(4,3)   -4.70010E-04  4.58656E-03 -2.33247E-03 -1.12136E-02 -4.18164E-02  1.58538E-02  0.00000E+00  0.00000E+00 -5.61184E-02  0.00000E+00  0.00000E+00  1.84181E-03  2.13633E-02  0.00000E+00  0.00000E+00  0.00000E+00  0.00000E+00  4.17701E-02  0.00000E+00  0.00000E+00  0.00000E+00  0.00000E+00  3.99533E-02 -1.06172E-01
 OMEGA(4,4)    6.41565E-03  1.08857E-03 -7.41566E-03  1.81862E-02  9.41519E-03 -1.07138E-02  0.00000E+00  0.00000E+00 -1.65566E-02  0.00000E+00  0.00000E+00  2.13633E-02  2.72305E-03  0.00000E+00  0.00000E+00  0.00000E+00  0.00000E+00  5.69718E-02  0.00000E+00  0.00000E+00  0.00000E+00  0.00000E+00 -1.80359E-02  1.09943E-02
 OMEGA(5,1)    0.00000E+00  0.00000E+00  0.00000E+00  0.00000E+00  0.00000E+00  0.00000E+00  0.00000E+00  0.00000E+00  0.00000E+00  0.00000E+00  0.00000E+00  0.00000E+00  0.00000E+00  0.00000E+00  0.00000E+00  0.00000E+00  0.00000E+00  0.00000E+00  0.00000E+00  0.00000E+00  0.00000E+00  0.00000E+00  0.00000E+00  0.00000E+00
 OMEGA(5,2)    0.00000E+00  0.00000E+00  0.00000E+00  0.00000E+00  0.00000E+00  0.00000E+00  0.00000E+00  0.00000E+00  0.00000E+00  0.00000E+00  0.00000E+00  0.00000E+00  0.00000E+00  0.00000E+00  0.00000E+00  0.00000E+00  0.00000E+00  0.00000E+00  0.00000E+00  0.00000E+00  0.00000E+00  0.00000E+00  0.00000E+00  0.00000E+00
 OMEGA(5,3)    0.00000E+00  0.00000E+00  0.00000E+00  0.00000E+00  0.00000E+00  0.00000E+00  0.00000E+00  0.00000E+00  0.00000E+00  0.00000E+00  0.00000E+00  0.00000E+00  0.00000E+00  0.00000E+00  0.00000E+00  0.00000E+00  0.00000E+00  0.00000E+00  0.00000E+00  0.00000E+00  0.00000E+00  0.00000E+00  0.00000E+00  0.00000E+00
 OMEGA(5,4)    0.00000E+00  0.00000E+00  0.00000E+00  0.00000E+00  0.00000E+00  0.00000E+00  0.00000E+00  0.00000E+00  0.00000E+00  0.00000E+00  0.00000E+00  0.00000E+00  0.00000E+00  0.00000E+00  0.00000E+00  0.00000E+00  0.00000E+00  0.00000E+00  0.00000E+00  0.00000E+00  0.00000E+00  0.00000E+00  0.00000E+00  0.00000E+00
 OMEGA(5,5)    2.96264E-02  8.66058E-04 -3.06939E-02  1.76591E-02  6.83546E-03 -2.10526E-02  0.00000E+00  0.00000E+00  7.58922E-02  0.00000E+00  0.00000E+00  4.17701E-02  5.69718E-02  0.00000E+00  0.00000E+00  0.00000E+00  0.00000E+00  3.17355E-02  0.00000E+00  0.00000E+00  0.00000E+00  0.00000E+00 -6.48099E-01  1.89300E-01
 OMEGA(6,1)    0.00000E+00  0.00000E+00  0.00000E+00  0.00000E+00  0.00000E+00  0.00000E+00  0.00000E+00  0.00000E+00  0.00000E+00  0.00000E+00  0.00000E+00  0.00000E+00  0.00000E+00  0.00000E+00  0.00000E+00  0.00000E+00  0.00000E+00  0.00000E+00  0.00000E+00  0.00000E+00  0.00000E+00  0.00000E+00  0.00000E+00  0.00000E+00
 OMEGA(6,2)    0.00000E+00  0.00000E+00  0.00000E+00  0.00000E+00  0.00000E+00  0.00000E+00  0.00000E+00  0.00000E+00  0.00000E+00  0.00000E+00  0.00000E+00  0.00000E+00  0.00000E+00  0.00000E+00  0.00000E+00  0.00000E+00  0.00000E+00  0.00000E+00  0.00000E+00  0.00000E+00  0.00000E+00  0.00000E+00  0.00000E+00  0.00000E+00
 OMEGA(6,3)    0.00000E+00  0.00000E+00  0.00000E+00  0.00000E+00  0.00000E+00  0.00000E+00  0.00000E+00  0.00000E+00  0.00000E+00  0.00000E+00  0.00000E+00  0.00000E+00  0.00000E+00  0.00000E+00  0.00000E+00  0.00000E+00  0.00000E+00  0.00000E+00  0.00000E+00  0.00000E+00  0.00000E+00  0.00000E+00  0.00000E+00  0.00000E+00
 OMEGA(6,4)    0.00000E+00  0.00000E+00  0.00000E+00  0.00000E+00  0.00000E+00  0.00000E+00  0.00000E+00  0.00000E+00  0.00000E+00  0.00000E+00  0.00000E+00  0.00000E+00  0.00000E+00  0.00000E+00  0.00000E+00  0.00000E+00  0.00000E+00  0.00000E+00  0.00000E+00  0.00000E+00  0.00000E+00  0.00000E+00  0.00000E+00  0.00000E+00
 OMEGA(6,5)   -9.85731E-03  3.15402E-03  9.07680E-03 -9.75291E-03  1.81851E-02  1.73808E-03  0.00000E+00  0.00000E+00 -7.85766E-02  0.00000E+00  0.00000E+00  3.99533E-02 -1.80359E-02  0.00000E+00  0.00000E+00  0.00000E+00  0.00000E+00 -6.48099E-01  0.00000E+00  0.00000E+00  0.00000E+00  0.00000E+00  2.41971E-02 -2.74437E-01
 OMEGA(6,6)    1.92240E-02  1.45674E-02 -5.92104E-03  7.35706E-03 -9.43755E-03 -4.00798E-02  0.00000E+00  0.00000E+00 -1.18908E-02  0.00000E+00  0.00000E+00 -1.06172E-01  1.09943E-02  0.00000E+00  0.00000E+00  0.00000E+00  0.00000E+00  1.89300E-01  0.00000E+00  0.00000E+00  0.00000E+00  0.00000E+00 -2.74437E-01  2.68882E-02
