TABLE NO.     1: Stochastic Approximation Expectation-Maximization: Problem=1 Subproblem=0 Superproblem1=0 Iteration1=0 Superproblem2=0 Iteration2=0
 NAME         THETA1       THETA2       SIGMA(1,1)   OMEGA(1,1)   OMEGA(2,1)   OMEGA(2,2)   OMEGA(3,1)   OMEGA(3,2)   OMEGA(3,3)   OMEGA(4,1)   OMEGA(4,2)   OMEGA(4,3)   OMEGA(4,4)   OMEGA(5,1)   OMEGA(5,2)   OMEGA(5,3)   OMEGA(5,4)   OMEGA(5,5)   OMEGA(6,1)   OMEGA(6,2)   OMEGA(6,3)   OMEGA(6,4)   OMEGA(6,5)   OMEGA(6,6)
 THETA1        1.83715E+05 -8.38392E+03 -1.77022E+05  3.43427E+04 -1.84372E+05 -4.18809E+03  0.00000E+00  0.00000E+00 -1.71370E+03  0.00000E+00  0.00000E+00 -1.14156E+03 -5.96654E+02  0.00000E+00  0.00000E+00  0.00000E+00  0.00000E+00 -3.88837E+02  0.00000E+00  0.00000E+00  0.00000E+00  0.00000E+00 -2.67854E+02 -3.42834E+02
 THETA2       -8.38392E+03  1.69265E+05 -8.94753E+04 -7.45503E+04 -3.74905E+04 -1.87799E+04  0.00000E+00  0.00000E+00 -1.65489E+03  0.00000E+00  0.00000E+00 -2.59017E+03 -2.86819E+02  0.00000E+00  0.00000E+00  0.00000E+00  0.00000E+00  4.13002E+01  0.00000E+00  0.00000E+00  0.00000E+00  0.00000E+00 -1.76580E+02 -2.96530E+02
 SIGMA(1,1)   -1.77022E+05 -8.94753E+04  6.46069E+07  1.86812E+06  6.39096E+05  1.85777E+06  0.00000E+00  0.00000E+00 -3.52026E+04  0.00000E+00  0.00000E+00 -1.15179E+04  6.15362E+03  0.00000E+00  0.00000E+00  0.00000E+00  0.00000E+00  9.53720E+03  0.00000E+00  0.00000E+00  0.00000E+00  0.00000E+00  5.04779E+03  8.02192E+02
 OMEGA(1,1)    3.43427E+04 -7.45503E+04  1.86812E+06  8.65383E+06 -9.68120E+05  1.26321E+05  0.00000E+00  0.00000E+00 -2.51951E+04  0.00000E+00  0.00000E+00  1.23602E+04 -1.44888E+04  0.00000E+00  0.00000E+00  0.00000E+00  0.00000E+00 -1.33767E+03  0.00000E+00  0.00000E+00  0.00000E+00  0.00000E+00 -5.44021E+02 -2.97083E+02
 OMEGA(2,1)   -1.84372E+05 -3.74905E+04  6.39096E+05 -9.68120E+05  1.55177E+07 -3.64140E+03  0.00000E+00  0.00000E+00 -1.49346E+04  0.00000E+00  0.00000E+00  9.34088E+04 -5.35357E+03  0.00000E+00  0.00000E+00  0.00000E+00  0.00000E+00 -3.73539E+03  0.00000E+00  0.00000E+00  0.00000E+00  0.00000E+00 -7.13356E+03  2.32476E+03
 OMEGA(2,2)   -4.18809E+03 -1.87799E+04  1.85777E+06  1.26321E+05 -3.64140E+03  6.91922E+06  0.00000E+00  0.00000E+00  1.64045E+04  0.00000E+00  0.00000E+00 -1.48164E+04  8.60201E+03  0.00000E+00  0.00000E+00  0.00000E+00  0.00000E+00  2.94296E+03  0.00000E+00  0.00000E+00  0.00000E+00  0.00000E+00  3.66746E+03  4.60842E+03
 OMEGA(3,1)    0.00000E+00  0.00000E+00  0.00000E+00  0.00000E+00  0.00000E+00  0.00000E+00  0.00000E+00  0.00000E+00  0.00000E+00  0.00000E+00  0.00000E+00  0.00000E+00  0.00000E+00  0.00000E+00  0.00000E+00  0.00000E+00  0.00000E+00  0.00000E+00  0.00000E+00  0.00000E+00  0.00000E+00  0.00000E+00  0.00000E+00  0.00000E+00
 OMEGA(3,2)    0.00000E+00  0.00000E+00  0.00000E+00  0.00000E+00  0.00000E+00  0.00000E+00  0.00000E+00  0.00000E+00  0.00000E+00  0.00000E+00  0.00000E+00  0.00000E+00  0.00000E+00  0.00000E+00  0.00000E+00  0.00000E+00  0.00000E+00  0.00000E+00  0.00000E+00  0.00000E+00  0.00000E+00  0.00000E+00  0.00000E+00  0.00000E+00
 OMEGA(3,3)   -1.71370E+03 -1.65489E+03 -3.52026E+04 -2.51951E+04 -1.49346E+04  1.64045E+04  0.00000E+00  0.00000E+00  1.88329E+05  0.00000E+00  0.00000E+00  2.10867E+04  3.12257E+03  0.00000E+00  0.00000E+00  0.00000E+00  0.00000E+00 -7.01663E+02  0.00000E+00  0.00000E+00  0.00000E+00  0.00000E+00  9.78894E+02  6.91080E+02
 OMEGA(4,1)    0.00000E+00  0.00000E+00  0.00000E+00  0.00000E+00  0.00000E+00  0.00000E+00  0.00000E+00  0.00000E+00  0.00000E+00  0.00000E+00  0.00000E+00  0.00000E+00  0.00000E+00  0.00000E+00  0.00000E+00  0.00000E+00  0.00000E+00  0.00000E+00  0.00000E+00  0.00000E+00  0.00000E+00  0.00000E+00  0.00000E+00  0.00000E+00
 OMEGA(4,2)    0.00000E+00  0.00000E+00  0.00000E+00  0.00000E+00  0.00000E+00  0.00000E+00  0.00000E+00  0.00000E+00  0.00000E+00  0.00000E+00  0.00000E+00  0.00000E+00  0.00000E+00  0.00000E+00  0.00000E+00  0.00000E+00  0.00000E+00  0.00000E+00  0.00000E+00  0.00000E+00  0.00000E+00  0.00000E+00  0.00000E+00  0.00000E+00
 OMEGA(4,3)   -1.14156E+03 -2.59017E+03 -1.15179E+04  1.23602E+04  9.34088E+04 -1.48164E+04  0.00000E+00  0.00000E+00  2.10867E+04  0.00000E+00  0.00000E+00  2.97849E+05  1.07895E+03  0.00000E+00  0.00000E+00  0.00000E+00  0.00000E+00 -2.08831E+03  0.00000E+00  0.00000E+00  0.00000E+00  0.00000E+00 -1.88744E+03  2.08198E+03
 OMEGA(4,4)   -5.96654E+02 -2.86819E+02  6.15362E+03 -1.44888E+04 -5.35357E+03  8.60201E+03  0.00000E+00  0.00000E+00  3.12257E+03  0.00000E+00  0.00000E+00  1.07895E+03  1.36344E+05  0.00000E+00  0.00000E+00  0.00000E+00  0.00000E+00 -8.90461E+02  0.00000E+00  0.00000E+00  0.00000E+00  0.00000E+00 -5.18612E+02 -1.62831E+02
 OMEGA(5,1)    0.00000E+00  0.00000E+00  0.00000E+00  0.00000E+00  0.00000E+00  0.00000E+00  0.00000E+00  0.00000E+00  0.00000E+00  0.00000E+00  0.00000E+00  0.00000E+00  0.00000E+00  0.00000E+00  0.00000E+00  0.00000E+00  0.00000E+00  0.00000E+00  0.00000E+00  0.00000E+00  0.00000E+00  0.00000E+00  0.00000E+00  0.00000E+00
 OMEGA(5,2)    0.00000E+00  0.00000E+00  0.00000E+00  0.00000E+00  0.00000E+00  0.00000E+00  0.00000E+00  0.00000E+00  0.00000E+00  0.00000E+00  0.00000E+00  0.00000E+00  0.00000E+00  0.00000E+00  0.00000E+00  0.00000E+00  0.00000E+00  0.00000E+00  0.00000E+00  0.00000E+00  0.00000E+00  0.00000E+00  0.00000E+00  0.00000E+00
 OMEGA(5,3)    0.00000E+00  0.00000E+00  0.00000E+00  0.00000E+00  0.00000E+00  0.00000E+00  0.00000E+00  0.00000E+00  0.00000E+00  0.00000E+00  0.00000E+00  0.00000E+00  0.00000E+00  0.00000E+00  0.00000E+00  0.00000E+00  0.00000E+00  0.00000E+00  0.00000E+00  0.00000E+00  0.00000E+00  0.00000E+00  0.00000E+00  0.00000E+00
 OMEGA(5,4)    0.00000E+00  0.00000E+00  0.00000E+00  0.00000E+00  0.00000E+00  0.00000E+00  0.00000E+00  0.00000E+00  0.00000E+00  0.00000E+00  0.00000E+00  0.00000E+00  0.00000E+00  0.00000E+00  0.00000E+00  0.00000E+00  0.00000E+00  0.00000E+00  0.00000E+00  0.00000E+00  0.00000E+00  0.00000E+00  0.00000E+00  0.00000E+00
 OMEGA(5,5)   -3.88837E+02  4.13002E+01  9.53720E+03 -1.33767E+03 -3.73539E+03  2.94296E+03  0.00000E+00  0.00000E+00 -7.01663E+02  0.00000E+00  0.00000E+00 -2.08831E+03 -8.90461E+02  0.00000E+00  0.00000E+00  0.00000E+00  0.00000E+00  1.68367E+03  0.00000E+00  0.00000E+00  0.00000E+00  0.00000E+00  1.47550E+03 -1.80200E+01
 OMEGA(6,1)    0.00000E+00  0.00000E+00  0.00000E+00  0.00000E+00  0.00000E+00  0.00000E+00  0.00000E+00  0.00000E+00  0.00000E+00  0.00000E+00  0.00000E+00  0.00000E+00  0.00000E+00  0.00000E+00  0.00000E+00  0.00000E+00  0.00000E+00  0.00000E+00  0.00000E+00  0.00000E+00  0.00000E+00  0.00000E+00  0.00000E+00  0.00000E+00
 OMEGA(6,2)    0.00000E+00  0.00000E+00  0.00000E+00  0.00000E+00  0.00000E+00  0.00000E+00  0.00000E+00  0.00000E+00  0.00000E+00  0.00000E+00  0.00000E+00  0.00000E+00  0.00000E+00  0.00000E+00  0.00000E+00  0.00000E+00  0.00000E+00  0.00000E+00  0.00000E+00  0.00000E+00  0.00000E+00  0.00000E+00  0.00000E+00  0.00000E+00
 OMEGA(6,3)    0.00000E+00  0.00000E+00  0.00000E+00  0.00000E+00  0.00000E+00  0.00000E+00  0.00000E+00  0.00000E+00  0.00000E+00  0.00000E+00  0.00000E+00  0.00000E+00  0.00000E+00  0.00000E+00  0.00000E+00  0.00000E+00  0.00000E+00  0.00000E+00  0.00000E+00  0.00000E+00  0.00000E+00  0.00000E+00  0.00000E+00  0.00000E+00
 OMEGA(6,4)    0.00000E+00  0.00000E+00  0.00000E+00  0.00000E+00  0.00000E+00  0.00000E+00  0.00000E+00  0.00000E+00  0.00000E+00  0.00000E+00  0.00000E+00  0.00000E+00  0.00000E+00  0.00000E+00  0.00000E+00  0.00000E+00  0.00000E+00  0.00000E+00  0.00000E+00  0.00000E+00  0.00000E+00  0.00000E+00  0.00000E+00  0.00000E+00
 OMEGA(6,5)   -2.67854E+02 -1.76580E+02  5.04779E+03 -5.44021E+02 -7.13356E+03  3.66746E+03  0.00000E+00  0.00000E+00  9.78894E+02  0.00000E+00  0.00000E+00 -1.88744E+03 -5.18612E+02  0.00000E+00  0.00000E+00  0.00000E+00  0.00000E+00  1.47550E+03  0.00000E+00  0.00000E+00  0.00000E+00  0.00000E+00  3.11320E+03  4.67335E+02
 OMEGA(6,6)   -3.42834E+02 -2.96530E+02  8.02192E+02 -2.97083E+02  2.32476E+03  4.60842E+03  0.00000E+00  0.00000E+00  6.91080E+02  0.00000E+00  0.00000E+00  2.08198E+03 -1.62831E+02  0.00000E+00  0.00000E+00  0.00000E+00  0.00000E+00 -1.80200E+01  0.00000E+00  0.00000E+00  0.00000E+00  0.00000E+00  4.67335E+02  1.52096E+03
TABLE NO.     2: Objective Function Evaluation by Importance Sampling: Problem=1 Subproblem=0 Superproblem1=0 Iteration1=0 Superproblem2=0 Iteration2=0
 NAME         THETA1       THETA2       SIGMA(1,1)   OMEGA(1,1)   OMEGA(2,1)   OMEGA(2,2)   OMEGA(3,1)   OMEGA(3,2)   OMEGA(3,3)   OMEGA(4,1)   OMEGA(4,2)   OMEGA(4,3)   OMEGA(4,4)   OMEGA(5,1)   OMEGA(5,2)   OMEGA(5,3)   OMEGA(5,4)   OMEGA(5,5)   OMEGA(6,1)   OMEGA(6,2)   OMEGA(6,3)   OMEGA(6,4)   OMEGA(6,5)   OMEGA(6,6)
 THETA1        2.03153E+05 -9.55304E+03 -1.19611E+05  3.20503E+04 -1.00128E+05  2.54538E+04  0.00000E+00  0.00000E+00 -1.95661E+03  0.00000E+00  0.00000E+00 -1.20604E+03 -5.38876E+02  0.00000E+00  0.00000E+00  0.00000E+00  0.00000E+00 -4.89486E+02  0.00000E+00  0.00000E+00  0.00000E+00  0.00000E+00 -3.18104E+02 -2.89719E+02
 THETA2       -9.55304E+03  1.87282E+05 -1.43404E+05 -3.36376E+04  1.46626E+04 -9.86325E+03  0.00000E+00  0.00000E+00 -1.99128E+03  0.00000E+00  0.00000E+00 -2.13390E+03  1.17368E+02  0.00000E+00  0.00000E+00  0.00000E+00  0.00000E+00 -3.16059E+00  0.00000E+00  0.00000E+00  0.00000E+00  0.00000E+00 -1.51576E+02 -2.73060E+02
 SIGMA(1,1)   -1.19611E+05 -1.43404E+05  6.59939E+07  1.42804E+06  6.06823E+05  1.46903E+06  0.00000E+00  0.00000E+00 -4.55198E+04  0.00000E+00  0.00000E+00 -1.78222E+04 -1.32849E+03  0.00000E+00  0.00000E+00  0.00000E+00  0.00000E+00  8.34968E+03  0.00000E+00  0.00000E+00  0.00000E+00  0.00000E+00  4.56181E+03 -6.43129E+02
 OMEGA(1,1)    3.20503E+04 -3.36376E+04  1.42804E+06  8.44600E+06 -9.57073E+05  5.65343E+04  0.00000E+00  0.00000E+00 -2.69602E+04  0.00000E+00  0.00000E+00  1.02685E+04 -1.68790E+04  0.00000E+00  0.00000E+00  0.00000E+00  0.00000E+00 -1.44947E+03  0.00000E+00  0.00000E+00  0.00000E+00  0.00000E+00 -1.03307E+02 -4.33823E+02
 OMEGA(2,1)   -1.00128E+05  1.46626E+04  6.06823E+05 -9.57073E+05  1.50435E+07 -8.13190E+05  0.00000E+00  0.00000E+00 -1.01753E+04  0.00000E+00  0.00000E+00  9.72386E+04 -1.05263E+04  0.00000E+00  0.00000E+00  0.00000E+00  0.00000E+00 -3.69542E+03  0.00000E+00  0.00000E+00  0.00000E+00  0.00000E+00 -6.52870E+03  2.19338E+03
 OMEGA(2,2)    2.54538E+04 -9.86325E+03  1.46903E+06  5.65343E+04 -8.13190E+05  6.99385E+06  0.00000E+00  0.00000E+00  1.65303E+04  0.00000E+00  0.00000E+00 -1.67767E+04  7.23192E+03  0.00000E+00  0.00000E+00  0.00000E+00  0.00000E+00  2.79450E+03  0.00000E+00  0.00000E+00  0.00000E+00  0.00000E+00  3.75457E+03  4.12269E+03
 OMEGA(3,1)    0.00000E+00  0.00000E+00  0.00000E+00  0.00000E+00  0.00000E+00  0.00000E+00  0.00000E+00  0.00000E+00  0.00000E+00  0.00000E+00  0.00000E+00  0.00000E+00  0.00000E+00  0.00000E+00  0.00000E+00  0.00000E+00  0.00000E+00  0.00000E+00  0.00000E+00  0.00000E+00  0.00000E+00  0.00000E+00  0.00000E+00  0.00000E+00
 OMEGA(3,2)    0.00000E+00  0.00000E+00  0.00000E+00  0.00000E+00  0.00000E+00  0.00000E+00  0.00000E+00  0.00000E+00  0.00000E+00  0.00000E+00  0.00000E+00  0.00000E+00  0.00000E+00  0.00000E+00  0.00000E+00  0.00000E+00  0.00000E+00  0.00000E+00  0.00000E+00  0.00000E+00  0.00000E+00  0.00000E+00  0.00000E+00  0.00000E+00
 OMEGA(3,3)   -1.95661E+03 -1.99128E+03 -4.55198E+04 -2.69602E+04 -1.01753E+04  1.65303E+04  0.00000E+00  0.00000E+00  1.90099E+05  0.00000E+00  0.00000E+00  2.24137E+04  3.65153E+03  0.00000E+00  0.00000E+00  0.00000E+00  0.00000E+00 -7.08619E+02  0.00000E+00  0.00000E+00  0.00000E+00  0.00000E+00  9.90834E+02  7.52279E+02
 OMEGA(4,1)    0.00000E+00  0.00000E+00  0.00000E+00  0.00000E+00  0.00000E+00  0.00000E+00  0.00000E+00  0.00000E+00  0.00000E+00  0.00000E+00  0.00000E+00  0.00000E+00  0.00000E+00  0.00000E+00  0.00000E+00  0.00000E+00  0.00000E+00  0.00000E+00  0.00000E+00  0.00000E+00  0.00000E+00  0.00000E+00  0.00000E+00  0.00000E+00
 OMEGA(4,2)    0.00000E+00  0.00000E+00  0.00000E+00  0.00000E+00  0.00000E+00  0.00000E+00  0.00000E+00  0.00000E+00  0.00000E+00  0.00000E+00  0.00000E+00  0.00000E+00  0.00000E+00  0.00000E+00  0.00000E+00  0.00000E+00  0.00000E+00  0.00000E+00  0.00000E+00  0.00000E+00  0.00000E+00  0.00000E+00  0.00000E+00  0.00000E+00
 OMEGA(4,3)   -1.20604E+03 -2.13390E+03 -1.78222E+04  1.02685E+04  9.72386E+04 -1.67767E+04  0.00000E+00  0.00000E+00  2.24137E+04  0.00000E+00  0.00000E+00  3.02634E+05  2.82243E+03  0.00000E+00  0.00000E+00  0.00000E+00  0.00000E+00 -2.12229E+03  0.00000E+00  0.00000E+00  0.00000E+00  0.00000E+00 -1.93131E+03  2.20681E+03
 OMEGA(4,4)   -5.38876E+02  1.17368E+02 -1.32849E+03 -1.68790E+04 -1.05263E+04  7.23192E+03  0.00000E+00  0.00000E+00  3.65153E+03  0.00000E+00  0.00000E+00  2.82243E+03  1.37033E+05  0.00000E+00  0.00000E+00  0.00000E+00  0.00000E+00 -8.98393E+02  0.00000E+00  0.00000E+00  0.00000E+00  0.00000E+00 -5.19520E+02 -6.41957E+01
 OMEGA(5,1)    0.00000E+00  0.00000E+00  0.00000E+00  0.00000E+00  0.00000E+00  0.00000E+00  0.00000E+00  0.00000E+00  0.00000E+00  0.00000E+00  0.00000E+00  0.00000E+00  0.00000E+00  0.00000E+00  0.00000E+00  0.00000E+00  0.00000E+00  0.00000E+00  0.00000E+00  0.00000E+00  0.00000E+00  0.00000E+00  0.00000E+00  0.00000E+00
 OMEGA(5,2)    0.00000E+00  0.00000E+00  0.00000E+00  0.00000E+00  0.00000E+00  0.00000E+00  0.00000E+00  0.00000E+00  0.00000E+00  0.00000E+00  0.00000E+00  0.00000E+00  0.00000E+00  0.00000E+00  0.00000E+00  0.00000E+00  0.00000E+00  0.00000E+00  0.00000E+00  0.00000E+00  0.00000E+00  0.00000E+00  0.00000E+00  0.00000E+00
 OMEGA(5,3)    0.00000E+00  0.00000E+00  0.00000E+00  0.00000E+00  0.00000E+00  0.00000E+00  0.00000E+00  0.00000E+00  0.00000E+00  0.00000E+00  0.00000E+00  0.00000E+00  0.00000E+00  0.00000E+00  0.00000E+00  0.00000E+00  0.00000E+00  0.00000E+00  0.00000E+00  0.00000E+00  0.00000E+00  0.00000E+00  0.00000E+00  0.00000E+00
 OMEGA(5,4)    0.00000E+00  0.00000E+00  0.00000E+00  0.00000E+00  0.00000E+00  0.00000E+00  0.00000E+00  0.00000E+00  0.00000E+00  0.00000E+00  0.00000E+00  0.00000E+00  0.00000E+00  0.00000E+00  0.00000E+00  0.00000E+00  0.00000E+00  0.00000E+00  0.00000E+00  0.00000E+00  0.00000E+00  0.00000E+00  0.00000E+00  0.00000E+00
 OMEGA(5,5)   -4.89486E+02 -3.16059E+00  8.34968E+03 -1.44947E+03 -3.69542E+03  2.79450E+03  0.00000E+00  0.00000E+00 -7.08619E+02  0.00000E+00  0.00000E+00 -2.12229E+03 -8.98393E+02  0.00000E+00  0.00000E+00  0.00000E+00  0.00000E+00  1.68120E+03  0.00000E+00  0.00000E+00  0.00000E+00  0.00000E+00  1.47394E+03 -1.98439E+01
 OMEGA(6,1)    0.00000E+00  0.00000E+00  0.00000E+00  0.00000E+00  0.00000E+00  0.00000E+00  0.00000E+00  0.00000E+00  0.00000E+00  0.00000E+00  0.00000E+00  0.00000E+00  0.00000E+00  0.00000E+00  0.00000E+00  0.00000E+00  0.00000E+00  0.00000E+00  0.00000E+00  0.00000E+00  0.00000E+00  0.00000E+00  0.00000E+00  0.00000E+00
 OMEGA(6,2)    0.00000E+00  0.00000E+00  0.00000E+00  0.00000E+00  0.00000E+00  0.00000E+00  0.00000E+00  0.00000E+00  0.00000E+00  0.00000E+00  0.00000E+00  0.00000E+00  0.00000E+00  0.00000E+00  0.00000E+00  0.00000E+00  0.00000E+00  0.00000E+00  0.00000E+00  0.00000E+00  0.00000E+00  0.00000E+00  0.00000E+00  0.00000E+00
 OMEGA(6,3)    0.00000E+00  0.00000E+00  0.00000E+00  0.00000E+00  0.00000E+00  0.00000E+00  0.00000E+00  0.00000E+00  0.00000E+00  0.00000E+00  0.00000E+00  0.00000E+00  0.00000E+00  0.00000E+00  0.00000E+00  0.00000E+00  0.00000E+00  0.00000E+00  0.00000E+00  0.00000E+00  0.00000E+00  0.00000E+00  0.00000E+00  0.00000E+00
 OMEGA(6,4)    0.00000E+00  0.00000E+00  0.00000E+00  0.00000E+00  0.00000E+00  0.00000E+00  0.00000E+00  0.00000E+00  0.00000E+00  0.00000E+00  0.00000E+00  0.00000E+00  0.00000E+00  0.00000E+00  0.00000E+00  0.00000E+00  0.00000E+00  0.00000E+00  0.00000E+00  0.00000E+00  0.00000E+00  0.00000E+00  0.00000E+00  0.00000E+00
 OMEGA(6,5)   -3.18104E+02 -1.51576E+02  4.56181E+03 -1.03307E+02 -6.52870E+03  3.75457E+03  0.00000E+00  0.00000E+00  9.90834E+02  0.00000E+00  0.00000E+00 -1.93131E+03 -5.19520E+02  0.00000E+00  0.00000E+00  0.00000E+00  0.00000E+00  1.47394E+03  0.00000E+00  0.00000E+00  0.00000E+00  0.00000E+00  3.11339E+03  4.71249E+02
 OMEGA(6,6)   -2.89719E+02 -2.73060E+02 -6.43129E+02 -4.33823E+02  2.19338E+03  4.12269E+03  0.00000E+00  0.00000E+00  7.52279E+02  0.00000E+00  0.00000E+00  2.20681E+03 -6.41957E+01  0.00000E+00  0.00000E+00  0.00000E+00  0.00000E+00 -1.98439E+01  0.00000E+00  0.00000E+00  0.00000E+00  0.00000E+00  4.71249E+02  1.53235E+03
