TABLE NO.     1: Importance Sampling assisted by MAP Estimation: Problem=1 Subproblem=0 Superproblem1=0 Iteration1=0 Superproblem2=0 Iteration2=0
 NAME         THETA1       THETA2       SIGMA(1,1)   OMEGA(1,1)   OMEGA(2,1)   OMEGA(2,2)   OMEGA(3,1)   OMEGA(3,2)   OMEGA(3,3)   OMEGA(4,1)   OMEGA(4,2)   OMEGA(4,3)   OMEGA(4,4)   OMEGA(5,1)   OMEGA(5,2)   OMEGA(5,3)   OMEGA(5,4)   OMEGA(5,5)   OMEGA(6,1)   OMEGA(6,2)   OMEGA(6,3)   OMEGA(6,4)   OMEGA(6,5)   OMEGA(6,6)
 THETA1        2.03634E+05 -8.67088E+03 -1.19450E+05  4.20575E+04 -1.01516E+05  2.58941E+04  0.00000E+00  0.00000E+00 -2.15368E+03  0.00000E+00  0.00000E+00 -1.15250E+03 -2.74201E+02  0.00000E+00  0.00000E+00  0.00000E+00  0.00000E+00 -4.60868E+02  0.00000E+00  0.00000E+00  0.00000E+00  0.00000E+00 -2.87699E+02 -3.12724E+02
 THETA2       -8.67088E+03  1.88214E+05 -1.42127E+05 -3.46311E+04  2.23380E+04 -1.11231E+04  0.00000E+00  0.00000E+00 -1.85606E+03  0.00000E+00  0.00000E+00 -1.70180E+03  8.45960E+00  0.00000E+00  0.00000E+00  0.00000E+00  0.00000E+00  1.79460E+00  0.00000E+00  0.00000E+00  0.00000E+00  0.00000E+00 -1.76002E+02 -2.82823E+02
 SIGMA(1,1)   -1.19450E+05 -1.42127E+05  6.51216E+07  1.57021E+06  6.46874E+05  1.61357E+06  0.00000E+00  0.00000E+00 -3.26509E+04  0.00000E+00  0.00000E+00 -1.42599E+04  1.07890E+04  0.00000E+00  0.00000E+00  0.00000E+00  0.00000E+00  9.84300E+03  0.00000E+00  0.00000E+00  0.00000E+00  0.00000E+00  5.54075E+03  1.24983E+03
 OMEGA(1,1)    4.20575E+04 -3.46311E+04  1.57021E+06  8.54233E+06 -8.09739E+05  6.06223E+04  0.00000E+00  0.00000E+00 -2.44253E+04  0.00000E+00  0.00000E+00  1.26619E+04 -1.88242E+04  0.00000E+00  0.00000E+00  0.00000E+00  0.00000E+00 -1.59667E+03  0.00000E+00  0.00000E+00  0.00000E+00  0.00000E+00 -3.63406E+02 -4.62565E+02
 OMEGA(2,1)   -1.01516E+05  2.23380E+04  6.46874E+05 -8.09739E+05  1.53050E+07 -6.51822E+05  0.00000E+00  0.00000E+00 -8.98320E+03  0.00000E+00  0.00000E+00  9.31827E+04 -9.01556E+03  0.00000E+00  0.00000E+00  0.00000E+00  0.00000E+00 -3.58188E+03  0.00000E+00  0.00000E+00  0.00000E+00  0.00000E+00 -6.45855E+03  1.95882E+03
 OMEGA(2,2)    2.58941E+04 -1.11231E+04  1.61357E+06  6.06223E+04 -6.51822E+05  7.12790E+06  0.00000E+00  0.00000E+00  1.68027E+04  0.00000E+00  0.00000E+00 -1.89487E+04  9.08320E+03  0.00000E+00  0.00000E+00  0.00000E+00  0.00000E+00  2.78553E+03  0.00000E+00  0.00000E+00  0.00000E+00  0.00000E+00  3.71629E+03  4.04705E+03
 OMEGA(3,1)    0.00000E+00  0.00000E+00  0.00000E+00  0.00000E+00  0.00000E+00  0.00000E+00  0.00000E+00  0.00000E+00  0.00000E+00  0.00000E+00  0.00000E+00  0.00000E+00  0.00000E+00  0.00000E+00  0.00000E+00  0.00000E+00  0.00000E+00  0.00000E+00  0.00000E+00  0.00000E+00  0.00000E+00  0.00000E+00  0.00000E+00  0.00000E+00
 OMEGA(3,2)    0.00000E+00  0.00000E+00  0.00000E+00  0.00000E+00  0.00000E+00  0.00000E+00  0.00000E+00  0.00000E+00  0.00000E+00  0.00000E+00  0.00000E+00  0.00000E+00  0.00000E+00  0.00000E+00  0.00000E+00  0.00000E+00  0.00000E+00  0.00000E+00  0.00000E+00  0.00000E+00  0.00000E+00  0.00000E+00  0.00000E+00  0.00000E+00
 OMEGA(3,3)   -2.15368E+03 -1.85606E+03 -3.26509E+04 -2.44253E+04 -8.98320E+03  1.68027E+04  0.00000E+00  0.00000E+00  1.86385E+05  0.00000E+00  0.00000E+00  1.90482E+04  3.53559E+03  0.00000E+00  0.00000E+00  0.00000E+00  0.00000E+00 -6.83604E+02  0.00000E+00  0.00000E+00  0.00000E+00  0.00000E+00  9.92887E+02  7.12877E+02
 OMEGA(4,1)    0.00000E+00  0.00000E+00  0.00000E+00  0.00000E+00  0.00000E+00  0.00000E+00  0.00000E+00  0.00000E+00  0.00000E+00  0.00000E+00  0.00000E+00  0.00000E+00  0.00000E+00  0.00000E+00  0.00000E+00  0.00000E+00  0.00000E+00  0.00000E+00  0.00000E+00  0.00000E+00  0.00000E+00  0.00000E+00  0.00000E+00  0.00000E+00
 OMEGA(4,2)    0.00000E+00  0.00000E+00  0.00000E+00  0.00000E+00  0.00000E+00  0.00000E+00  0.00000E+00  0.00000E+00  0.00000E+00  0.00000E+00  0.00000E+00  0.00000E+00  0.00000E+00  0.00000E+00  0.00000E+00  0.00000E+00  0.00000E+00  0.00000E+00  0.00000E+00  0.00000E+00  0.00000E+00  0.00000E+00  0.00000E+00  0.00000E+00
 OMEGA(4,3)   -1.15250E+03 -1.70180E+03 -1.42599E+04  1.26619E+04  9.31827E+04 -1.89487E+04  0.00000E+00  0.00000E+00  1.90482E+04  0.00000E+00  0.00000E+00  2.96361E+05  4.56490E+02  0.00000E+00  0.00000E+00  0.00000E+00  0.00000E+00 -2.07955E+03  0.00000E+00  0.00000E+00  0.00000E+00  0.00000E+00 -1.91126E+03  2.19544E+03
 OMEGA(4,4)   -2.74201E+02  8.45960E+00  1.07890E+04 -1.88242E+04 -9.01556E+03  9.08320E+03  0.00000E+00  0.00000E+00  3.53559E+03  0.00000E+00  0.00000E+00  4.56490E+02  1.34488E+05  0.00000E+00  0.00000E+00  0.00000E+00  0.00000E+00 -8.88890E+02  0.00000E+00  0.00000E+00  0.00000E+00  0.00000E+00 -5.00705E+02 -6.56101E+01
 OMEGA(5,1)    0.00000E+00  0.00000E+00  0.00000E+00  0.00000E+00  0.00000E+00  0.00000E+00  0.00000E+00  0.00000E+00  0.00000E+00  0.00000E+00  0.00000E+00  0.00000E+00  0.00000E+00  0.00000E+00  0.00000E+00  0.00000E+00  0.00000E+00  0.00000E+00  0.00000E+00  0.00000E+00  0.00000E+00  0.00000E+00  0.00000E+00  0.00000E+00
 OMEGA(5,2)    0.00000E+00  0.00000E+00  0.00000E+00  0.00000E+00  0.00000E+00  0.00000E+00  0.00000E+00  0.00000E+00  0.00000E+00  0.00000E+00  0.00000E+00  0.00000E+00  0.00000E+00  0.00000E+00  0.00000E+00  0.00000E+00  0.00000E+00  0.00000E+00  0.00000E+00  0.00000E+00  0.00000E+00  0.00000E+00  0.00000E+00  0.00000E+00
 OMEGA(5,3)    0.00000E+00  0.00000E+00  0.00000E+00  0.00000E+00  0.00000E+00  0.00000E+00  0.00000E+00  0.00000E+00  0.00000E+00  0.00000E+00  0.00000E+00  0.00000E+00  0.00000E+00  0.00000E+00  0.00000E+00  0.00000E+00  0.00000E+00  0.00000E+00  0.00000E+00  0.00000E+00  0.00000E+00  0.00000E+00  0.00000E+00  0.00000E+00
 OMEGA(5,4)    0.00000E+00  0.00000E+00  0.00000E+00  0.00000E+00  0.00000E+00  0.00000E+00  0.00000E+00  0.00000E+00  0.00000E+00  0.00000E+00  0.00000E+00  0.00000E+00  0.00000E+00  0.00000E+00  0.00000E+00  0.00000E+00  0.00000E+00  0.00000E+00  0.00000E+00  0.00000E+00  0.00000E+00  0.00000E+00  0.00000E+00  0.00000E+00
 OMEGA(5,5)   -4.60868E+02  1.79460E+00  9.84300E+03 -1.59667E+03 -3.58188E+03  2.78553E+03  0.00000E+00  0.00000E+00 -6.83604E+02  0.00000E+00  0.00000E+00 -2.07955E+03 -8.88890E+02  0.00000E+00  0.00000E+00  0.00000E+00  0.00000E+00  1.67754E+03  0.00000E+00  0.00000E+00  0.00000E+00  0.00000E+00  1.46566E+03 -2.13704E+01
 OMEGA(6,1)    0.00000E+00  0.00000E+00  0.00000E+00  0.00000E+00  0.00000E+00  0.00000E+00  0.00000E+00  0.00000E+00  0.00000E+00  0.00000E+00  0.00000E+00  0.00000E+00  0.00000E+00  0.00000E+00  0.00000E+00  0.00000E+00  0.00000E+00  0.00000E+00  0.00000E+00  0.00000E+00  0.00000E+00  0.00000E+00  0.00000E+00  0.00000E+00
 OMEGA(6,2)    0.00000E+00  0.00000E+00  0.00000E+00  0.00000E+00  0.00000E+00  0.00000E+00  0.00000E+00  0.00000E+00  0.00000E+00  0.00000E+00  0.00000E+00  0.00000E+00  0.00000E+00  0.00000E+00  0.00000E+00  0.00000E+00  0.00000E+00  0.00000E+00  0.00000E+00  0.00000E+00  0.00000E+00  0.00000E+00  0.00000E+00  0.00000E+00
 OMEGA(6,3)    0.00000E+00  0.00000E+00  0.00000E+00  0.00000E+00  0.00000E+00  0.00000E+00  0.00000E+00  0.00000E+00  0.00000E+00  0.00000E+00  0.00000E+00  0.00000E+00  0.00000E+00  0.00000E+00  0.00000E+00  0.00000E+00  0.00000E+00  0.00000E+00  0.00000E+00  0.00000E+00  0.00000E+00  0.00000E+00  0.00000E+00  0.00000E+00
 OMEGA(6,4)    0.00000E+00  0.00000E+00  0.00000E+00  0.00000E+00  0.00000E+00  0.00000E+00  0.00000E+00  0.00000E+00  0.00000E+00  0.00000E+00  0.00000E+00  0.00000E+00  0.00000E+00  0.00000E+00  0.00000E+00  0.00000E+00  0.00000E+00  0.00000E+00  0.00000E+00  0.00000E+00  0.00000E+00  0.00000E+00  0.00000E+00  0.00000E+00
 OMEGA(6,5)   -2.87699E+02 -1.76002E+02  5.54075E+03 -3.63406E+02 -6.45855E+03  3.71629E+03  0.00000E+00  0.00000E+00  9.92887E+02  0.00000E+00  0.00000E+00 -1.91126E+03 -5.00705E+02  0.00000E+00  0.00000E+00  0.00000E+00  0.00000E+00  1.46566E+03  0.00000E+00  0.00000E+00  0.00000E+00  0.00000E+00  3.08948E+03  4.60625E+02
 OMEGA(6,6)   -3.12724E+02 -2.82823E+02  1.24983E+03 -4.62565E+02  1.95882E+03  4.04705E+03  0.00000E+00  0.00000E+00  7.12877E+02  0.00000E+00  0.00000E+00  2.19544E+03 -6.56101E+01  0.00000E+00  0.00000E+00  0.00000E+00  0.00000E+00 -2.13704E+01  0.00000E+00  0.00000E+00  0.00000E+00  0.00000E+00  4.60625E+02  1.51899E+03
