TABLE NO.     1: Iterative Two Stage: Problem=1 Subproblem=0 Superproblem1=0 Iteration1=0 Superproblem2=0 Iteration2=0
 NAME         THETA1       THETA2       SIGMA(1,1)   OMEGA(1,1)   OMEGA(2,1)   OMEGA(2,2)   OMEGA(3,1)   OMEGA(3,2)   OMEGA(3,3)   OMEGA(4,1)   OMEGA(4,2)   OMEGA(4,3)   OMEGA(4,4)   OMEGA(5,1)   OMEGA(5,2)   OMEGA(5,3)   OMEGA(5,4)   OMEGA(5,5)   OMEGA(6,1)   OMEGA(6,2)   OMEGA(6,3)   OMEGA(6,4)   OMEGA(6,5)   OMEGA(6,6)
 THETA1        2.46402E-03  1.65462E-01  6.67724E-02  1.14256E-01  1.91211E-01  1.66862E-02  0.00000E+00  0.00000E+00  1.53890E-02  0.00000E+00  0.00000E+00 -3.60263E-03  7.66031E-03  0.00000E+00  0.00000E+00  0.00000E+00  0.00000E+00  2.84386E-02  0.00000E+00  0.00000E+00  0.00000E+00  0.00000E+00 -7.21452E-03  1.80934E-02
 THETA2        1.65462E-01  2.51576E-03  2.53411E-02  8.24424E-02  1.25691E-01  1.22862E-01  0.00000E+00  0.00000E+00  1.16922E-02  0.00000E+00  0.00000E+00  3.10344E-03  9.49080E-04  0.00000E+00  0.00000E+00  0.00000E+00  0.00000E+00 -5.55451E-04  0.00000E+00  0.00000E+00  0.00000E+00  0.00000E+00  5.26826E-03  9.78031E-03
 SIGMA(1,1)    6.67724E-02  2.53411E-02  1.24520E-04 -3.36700E-02  4.56697E-03 -4.12118E-02  0.00000E+00  0.00000E+00  8.24777E-03  0.00000E+00  0.00000E+00 -1.55271E-03 -7.32946E-03  0.00000E+00  0.00000E+00  0.00000E+00  0.00000E+00 -2.85120E-02  0.00000E+00  0.00000E+00  0.00000E+00  0.00000E+00  8.25011E-03 -3.20618E-03
 OMEGA(1,1)    1.14256E-01  8.24424E-02 -3.36700E-02  3.64673E-04  2.26557E-01 -2.39993E-03  0.00000E+00  0.00000E+00  2.33463E-02  0.00000E+00  0.00000E+00 -1.37619E-02  1.83175E-02  0.00000E+00  0.00000E+00  0.00000E+00  0.00000E+00  1.58275E-02  0.00000E+00  0.00000E+00  0.00000E+00  0.00000E+00 -6.10119E-03  4.89577E-03
 OMEGA(2,1)    1.91211E-01  1.25691E-01  4.56697E-03  2.26557E-01  2.70694E-04  1.29977E-01  0.00000E+00  0.00000E+00  1.22547E-02  0.00000E+00  0.00000E+00 -4.05245E-02  8.57896E-03  0.00000E+00  0.00000E+00  0.00000E+00  0.00000E+00  3.99461E-03  0.00000E+00  0.00000E+00  0.00000E+00  0.00000E+00  1.88869E-02 -1.24486E-02
 OMEGA(2,2)    1.66862E-02  1.22862E-01 -4.12118E-02 -2.39993E-03  1.29977E-01  3.93877E-04  0.00000E+00  0.00000E+00 -1.48803E-02  0.00000E+00  0.00000E+00  1.30889E-02 -9.87265E-03  0.00000E+00  0.00000E+00  0.00000E+00  0.00000E+00 -2.10301E-02  0.00000E+00  0.00000E+00  0.00000E+00  0.00000E+00  3.65501E-03 -4.18345E-02
 OMEGA(3,1)    0.00000E+00  0.00000E+00  0.00000E+00  0.00000E+00  0.00000E+00  0.00000E+00  0.00000E+00  0.00000E+00  0.00000E+00  0.00000E+00  0.00000E+00  0.00000E+00  0.00000E+00  0.00000E+00  0.00000E+00  0.00000E+00  0.00000E+00  0.00000E+00  0.00000E+00  0.00000E+00  0.00000E+00  0.00000E+00  0.00000E+00  0.00000E+00
 OMEGA(3,2)    0.00000E+00  0.00000E+00  0.00000E+00  0.00000E+00  0.00000E+00  0.00000E+00  0.00000E+00  0.00000E+00  0.00000E+00  0.00000E+00  0.00000E+00  0.00000E+00  0.00000E+00  0.00000E+00  0.00000E+00  0.00000E+00  0.00000E+00  0.00000E+00  0.00000E+00  0.00000E+00  0.00000E+00  0.00000E+00  0.00000E+00  0.00000E+00
 OMEGA(3,3)    1.53890E-02  1.16922E-02  8.24777E-03  2.33463E-02  1.22547E-02 -1.48803E-02  0.00000E+00  0.00000E+00  2.27157E-03  0.00000E+00  0.00000E+00 -4.99792E-02 -1.65439E-02  0.00000E+00  0.00000E+00  0.00000E+00  0.00000E+00  7.60584E-02  0.00000E+00  0.00000E+00  0.00000E+00  0.00000E+00 -7.84738E-02 -1.24002E-02
 OMEGA(4,1)    0.00000E+00  0.00000E+00  0.00000E+00  0.00000E+00  0.00000E+00  0.00000E+00  0.00000E+00  0.00000E+00  0.00000E+00  0.00000E+00  0.00000E+00  0.00000E+00  0.00000E+00  0.00000E+00  0.00000E+00  0.00000E+00  0.00000E+00  0.00000E+00  0.00000E+00  0.00000E+00  0.00000E+00  0.00000E+00  0.00000E+00  0.00000E+00
 OMEGA(4,2)    0.00000E+00  0.00000E+00  0.00000E+00  0.00000E+00  0.00000E+00  0.00000E+00  0.00000E+00  0.00000E+00  0.00000E+00  0.00000E+00  0.00000E+00  0.00000E+00  0.00000E+00  0.00000E+00  0.00000E+00  0.00000E+00  0.00000E+00  0.00000E+00  0.00000E+00  0.00000E+00  0.00000E+00  0.00000E+00  0.00000E+00  0.00000E+00
 OMEGA(4,3)   -3.60263E-03  3.10344E-03 -1.55271E-03 -1.37619E-02 -4.05245E-02  1.30889E-02  0.00000E+00  0.00000E+00 -4.99792E-02  0.00000E+00  0.00000E+00  1.83831E-03  2.70625E-02  0.00000E+00  0.00000E+00  0.00000E+00  0.00000E+00  4.21747E-02  0.00000E+00  0.00000E+00  0.00000E+00  0.00000E+00  3.98083E-02 -1.06191E-01
 OMEGA(4,4)    7.66031E-03  9.49080E-04 -7.32946E-03  1.83175E-02  8.57896E-03 -9.87265E-03  0.00000E+00  0.00000E+00 -1.65439E-02  0.00000E+00  0.00000E+00  2.70625E-02  2.71656E-03  0.00000E+00  0.00000E+00  0.00000E+00  0.00000E+00  5.70920E-02  0.00000E+00  0.00000E+00  0.00000E+00  0.00000E+00 -1.78271E-02  1.06052E-02
 OMEGA(5,1)    0.00000E+00  0.00000E+00  0.00000E+00  0.00000E+00  0.00000E+00  0.00000E+00  0.00000E+00  0.00000E+00  0.00000E+00  0.00000E+00  0.00000E+00  0.00000E+00  0.00000E+00  0.00000E+00  0.00000E+00  0.00000E+00  0.00000E+00  0.00000E+00  0.00000E+00  0.00000E+00  0.00000E+00  0.00000E+00  0.00000E+00  0.00000E+00
 OMEGA(5,2)    0.00000E+00  0.00000E+00  0.00000E+00  0.00000E+00  0.00000E+00  0.00000E+00  0.00000E+00  0.00000E+00  0.00000E+00  0.00000E+00  0.00000E+00  0.00000E+00  0.00000E+00  0.00000E+00  0.00000E+00  0.00000E+00  0.00000E+00  0.00000E+00  0.00000E+00  0.00000E+00  0.00000E+00  0.00000E+00  0.00000E+00  0.00000E+00
 OMEGA(5,3)    0.00000E+00  0.00000E+00  0.00000E+00  0.00000E+00  0.00000E+00  0.00000E+00  0.00000E+00  0.00000E+00  0.00000E+00  0.00000E+00  0.00000E+00  0.00000E+00  0.00000E+00  0.00000E+00  0.00000E+00  0.00000E+00  0.00000E+00  0.00000E+00  0.00000E+00  0.00000E+00  0.00000E+00  0.00000E+00  0.00000E+00  0.00000E+00
 OMEGA(5,4)    0.00000E+00  0.00000E+00  0.00000E+00  0.00000E+00  0.00000E+00  0.00000E+00  0.00000E+00  0.00000E+00  0.00000E+00  0.00000E+00  0.00000E+00  0.00000E+00  0.00000E+00  0.00000E+00  0.00000E+00  0.00000E+00  0.00000E+00  0.00000E+00  0.00000E+00  0.00000E+00  0.00000E+00  0.00000E+00  0.00000E+00  0.00000E+00
 OMEGA(5,5)    2.84386E-02 -5.55451E-04 -2.85120E-02  1.58275E-02  3.99461E-03 -2.10301E-02  0.00000E+00  0.00000E+00  7.60584E-02  0.00000E+00  0.00000E+00  4.21747E-02  5.70920E-02  0.00000E+00  0.00000E+00  0.00000E+00  0.00000E+00  3.16581E-02  0.00000E+00  0.00000E+00  0.00000E+00  0.00000E+00 -6.45312E-01  1.87199E-01
 OMEGA(6,1)    0.00000E+00  0.00000E+00  0.00000E+00  0.00000E+00  0.00000E+00  0.00000E+00  0.00000E+00  0.00000E+00  0.00000E+00  0.00000E+00  0.00000E+00  0.00000E+00  0.00000E+00  0.00000E+00  0.00000E+00  0.00000E+00  0.00000E+00  0.00000E+00  0.00000E+00  0.00000E+00  0.00000E+00  0.00000E+00  0.00000E+00  0.00000E+00
 OMEGA(6,2)    0.00000E+00  0.00000E+00  0.00000E+00  0.00000E+00  0.00000E+00  0.00000E+00  0.00000E+00  0.00000E+00  0.00000E+00  0.00000E+00  0.00000E+00  0.00000E+00  0.00000E+00  0.00000E+00  0.00000E+00  0.00000E+00  0.00000E+00  0.00000E+00  0.00000E+00  0.00000E+00  0.00000E+00  0.00000E+00  0.00000E+00  0.00000E+00
 OMEGA(6,3)    0.00000E+00  0.00000E+00  0.00000E+00  0.00000E+00  0.00000E+00  0.00000E+00  0.00000E+00  0.00000E+00  0.00000E+00  0.00000E+00  0.00000E+00  0.00000E+00  0.00000E+00  0.00000E+00  0.00000E+00  0.00000E+00  0.00000E+00  0.00000E+00  0.00000E+00  0.00000E+00  0.00000E+00  0.00000E+00  0.00000E+00  0.00000E+00
 OMEGA(6,4)    0.00000E+00  0.00000E+00  0.00000E+00  0.00000E+00  0.00000E+00  0.00000E+00  0.00000E+00  0.00000E+00  0.00000E+00  0.00000E+00  0.00000E+00  0.00000E+00  0.00000E+00  0.00000E+00  0.00000E+00  0.00000E+00  0.00000E+00  0.00000E+00  0.00000E+00  0.00000E+00  0.00000E+00  0.00000E+00  0.00000E+00  0.00000E+00
 OMEGA(6,5)   -7.21452E-03  5.26826E-03  8.25011E-03 -6.10119E-03  1.88869E-02  3.65501E-03  0.00000E+00  0.00000E+00 -7.84738E-02  0.00000E+00  0.00000E+00  3.98083E-02 -1.78271E-02  0.00000E+00  0.00000E+00  0.00000E+00  0.00000E+00 -6.45312E-01  0.00000E+00  0.00000E+00  0.00000E+00  0.00000E+00  2.41179E-02 -2.70061E-01
 OMEGA(6,6)    1.80934E-02  9.78031E-03 -3.20618E-03  4.89577E-03 -1.24486E-02 -4.18345E-02  0.00000E+00  0.00000E+00 -1.24002E-02  0.00000E+00  0.00000E+00 -1.06191E-01  1.06052E-02  0.00000E+00  0.00000E+00  0.00000E+00  0.00000E+00  1.87199E-01  0.00000E+00  0.00000E+00  0.00000E+00  0.00000E+00 -2.70061E-01  2.68060E-02
TABLE NO.     2: Importance Sampling: Problem=1 Subproblem=0 Superproblem1=0 Iteration1=0 Superproblem2=0 Iteration2=0
 NAME         THETA1       THETA2       SIGMA(1,1)   OMEGA(1,1)   OMEGA(2,1)   OMEGA(2,2)   OMEGA(3,1)   OMEGA(3,2)   OMEGA(3,3)   OMEGA(4,1)   OMEGA(4,2)   OMEGA(4,3)   OMEGA(4,4)   OMEGA(5,1)   OMEGA(5,2)   OMEGA(5,3)   OMEGA(5,4)   OMEGA(5,5)   OMEGA(6,1)   OMEGA(6,2)   OMEGA(6,3)   OMEGA(6,4)   OMEGA(6,5)   OMEGA(6,6)
 THETA1        2.22604E-03  4.62829E-02  3.60785E-02 -2.75984E-02  5.34812E-02 -2.15627E-02  0.00000E+00  0.00000E+00  1.19223E-02  0.00000E+00  0.00000E+00  2.06513E-03  3.85257E-03  0.00000E+00  0.00000E+00  0.00000E+00  0.00000E+00  2.64046E-02  0.00000E+00  0.00000E+00  0.00000E+00  0.00000E+00 -9.25134E-03  1.87254E-02
 THETA2        4.62829E-02  2.31224E-03  4.08255E-02  2.20586E-02 -9.20940E-03  4.67885E-03  0.00000E+00  0.00000E+00  9.73464E-03  0.00000E+00  0.00000E+00  6.29511E-03 -6.72861E-04  0.00000E+00  0.00000E+00  0.00000E+00  0.00000E+00 -1.26511E-03  0.00000E+00  0.00000E+00  0.00000E+00  0.00000E+00  3.90593E-03  1.33510E-02
 SIGMA(1,1)    3.60785E-02  4.08255E-02  1.24917E-04 -6.91699E-02 -2.85315E-02 -7.67453E-02  0.00000E+00  0.00000E+00  8.25279E-03  0.00000E+00  0.00000E+00 -7.75180E-06 -5.65790E-03  0.00000E+00  0.00000E+00  0.00000E+00  0.00000E+00 -2.76940E-02  0.00000E+00  0.00000E+00  0.00000E+00  0.00000E+00  1.11595E-02 -4.80872E-03
 OMEGA(1,1)   -2.75984E-02  2.20586E-02 -6.91699E-02  3.45052E-04  7.20547E-02  3.31734E-03  0.00000E+00  0.00000E+00  2.29868E-02  0.00000E+00  0.00000E+00 -1.07061E-02  1.87254E-02  0.00000E+00  0.00000E+00  0.00000E+00  0.00000E+00  2.13602E-02  0.00000E+00  0.00000E+00  0.00000E+00  0.00000E+00 -1.23636E-02  5.45897E-03
 OMEGA(2,1)    5.34812E-02 -9.20940E-03 -2.85315E-02  7.20547E-02  2.58531E-04  6.51437E-02  0.00000E+00  0.00000E+00  1.01788E-02  0.00000E+00  0.00000E+00 -4.21599E-02  7.33212E-03  0.00000E+00  0.00000E+00  0.00000E+00  0.00000E+00  3.93053E-03  0.00000E+00  0.00000E+00  0.00000E+00  0.00000E+00  1.95746E-02 -1.52426E-02
 OMEGA(2,2)   -2.15627E-02  4.67885E-03 -7.67453E-02  3.31734E-03  6.51437E-02  3.78257E-04  0.00000E+00  0.00000E+00 -1.56323E-02  0.00000E+00  0.00000E+00  1.40695E-02 -9.39089E-03  0.00000E+00  0.00000E+00  0.00000E+00  0.00000E+00 -2.10498E-02  0.00000E+00  0.00000E+00  0.00000E+00  0.00000E+00  3.84847E-03 -4.04658E-02
 OMEGA(3,1)    0.00000E+00  0.00000E+00  0.00000E+00  0.00000E+00  0.00000E+00  0.00000E+00  0.00000E+00  0.00000E+00  0.00000E+00  0.00000E+00  0.00000E+00  0.00000E+00  0.00000E+00  0.00000E+00  0.00000E+00  0.00000E+00  0.00000E+00  0.00000E+00  0.00000E+00  0.00000E+00  0.00000E+00  0.00000E+00  0.00000E+00  0.00000E+00
 OMEGA(3,2)    0.00000E+00  0.00000E+00  0.00000E+00  0.00000E+00  0.00000E+00  0.00000E+00  0.00000E+00  0.00000E+00  0.00000E+00  0.00000E+00  0.00000E+00  0.00000E+00  0.00000E+00  0.00000E+00  0.00000E+00  0.00000E+00  0.00000E+00  0.00000E+00  0.00000E+00  0.00000E+00  0.00000E+00  0.00000E+00  0.00000E+00  0.00000E+00
 OMEGA(3,3)    1.19223E-02  9.73464E-03  8.25279E-03  2.29868E-02  1.01788E-02 -1.56323E-02  0.00000E+00  0.00000E+00  2.33851E-03  0.00000E+00  0.00000E+00 -8.15933E-02 -1.74686E-02  0.00000E+00  0.00000E+00  0.00000E+00  0.00000E+00  7.60678E-02  0.00000E+00  0.00000E+00  0.00000E+00  0.00000E+00 -8.02717E-02 -8.52836E-03
 OMEGA(4,1)    0.00000E+00  0.00000E+00  0.00000E+00  0.00000E+00  0.00000E+00  0.00000E+00  0.00000E+00  0.00000E+00  0.00000E+00  0.00000E+00  0.00000E+00  0.00000E+00  0.00000E+00  0.00000E+00  0.00000E+00  0.00000E+00  0.00000E+00  0.00000E+00  0.00000E+00  0.00000E+00  0.00000E+00  0.00000E+00  0.00000E+00  0.00000E+00
 OMEGA(4,2)    0.00000E+00  0.00000E+00  0.00000E+00  0.00000E+00  0.00000E+00  0.00000E+00  0.00000E+00  0.00000E+00  0.00000E+00  0.00000E+00  0.00000E+00  0.00000E+00  0.00000E+00  0.00000E+00  0.00000E+00  0.00000E+00  0.00000E+00  0.00000E+00  0.00000E+00  0.00000E+00  0.00000E+00  0.00000E+00  0.00000E+00  0.00000E+00
 OMEGA(4,3)    2.06513E-03  6.29511E-03 -7.75180E-06 -1.07061E-02 -4.21599E-02  1.40695E-02  0.00000E+00  0.00000E+00 -8.15933E-02  0.00000E+00  0.00000E+00  1.86617E-03  1.58120E-03  0.00000E+00  0.00000E+00  0.00000E+00  0.00000E+00  3.94321E-02  0.00000E+00  0.00000E+00  0.00000E+00  0.00000E+00  4.07861E-02 -1.07057E-01
 OMEGA(4,4)    3.85257E-03 -6.72861E-04 -5.65790E-03  1.87254E-02  7.33212E-03 -9.39089E-03  0.00000E+00  0.00000E+00 -1.74686E-02  0.00000E+00  0.00000E+00  1.58120E-03  2.73276E-03  0.00000E+00  0.00000E+00  0.00000E+00  0.00000E+00  5.73390E-02  0.00000E+00  0.00000E+00  0.00000E+00  0.00000E+00 -1.87492E-02  1.07880E-02
 OMEGA(5,1)    0.00000E+00  0.00000E+00  0.00000E+00  0.00000E+00  0.00000E+00  0.00000E+00  0.00000E+00  0.00000E+00  0.00000E+00  0.00000E+00  0.00000E+00  0.00000E+00  0.00000E+00  0.00000E+00  0.00000E+00  0.00000E+00  0.00000E+00  0.00000E+00  0.00000E+00  0.00000E+00  0.00000E+00  0.00000E+00  0.00000E+00  0.00000E+00
 OMEGA(5,2)    0.00000E+00  0.00000E+00  0.00000E+00  0.00000E+00  0.00000E+00  0.00000E+00  0.00000E+00  0.00000E+00  0.00000E+00  0.00000E+00  0.00000E+00  0.00000E+00  0.00000E+00  0.00000E+00  0.00000E+00  0.00000E+00  0.00000E+00  0.00000E+00  0.00000E+00  0.00000E+00  0.00000E+00  0.00000E+00  0.00000E+00  0.00000E+00
 OMEGA(5,3)    0.00000E+00  0.00000E+00  0.00000E+00  0.00000E+00  0.00000E+00  0.00000E+00  0.00000E+00  0.00000E+00  0.00000E+00  0.00000E+00  0.00000E+00  0.00000E+00  0.00000E+00  0.00000E+00  0.00000E+00  0.00000E+00  0.00000E+00  0.00000E+00  0.00000E+00  0.00000E+00  0.00000E+00  0.00000E+00  0.00000E+00  0.00000E+00
 OMEGA(5,4)    0.00000E+00  0.00000E+00  0.00000E+00  0.00000E+00  0.00000E+00  0.00000E+00  0.00000E+00  0.00000E+00  0.00000E+00  0.00000E+00  0.00000E+00  0.00000E+00  0.00000E+00  0.00000E+00  0.00000E+00  0.00000E+00  0.00000E+00  0.00000E+00  0.00000E+00  0.00000E+00  0.00000E+00  0.00000E+00  0.00000E+00  0.00000E+00
 OMEGA(5,5)    2.64046E-02 -1.26511E-03 -2.76940E-02  2.13602E-02  3.93053E-03 -2.10498E-02  0.00000E+00  0.00000E+00  7.60678E-02  0.00000E+00  0.00000E+00  3.94321E-02  5.73390E-02  0.00000E+00  0.00000E+00  0.00000E+00  0.00000E+00  3.28379E-02  0.00000E+00  0.00000E+00  0.00000E+00  0.00000E+00 -6.60596E-01  1.93821E-01
 OMEGA(6,1)    0.00000E+00  0.00000E+00  0.00000E+00  0.00000E+00  0.00000E+00  0.00000E+00  0.00000E+00  0.00000E+00  0.00000E+00  0.00000E+00  0.00000E+00  0.00000E+00  0.00000E+00  0.00000E+00  0.00000E+00  0.00000E+00  0.00000E+00  0.00000E+00  0.00000E+00  0.00000E+00  0.00000E+00  0.00000E+00  0.00000E+00  0.00000E+00
 OMEGA(6,2)    0.00000E+00  0.00000E+00  0.00000E+00  0.00000E+00  0.00000E+00  0.00000E+00  0.00000E+00  0.00000E+00  0.00000E+00  0.00000E+00  0.00000E+00  0.00000E+00  0.00000E+00  0.00000E+00  0.00000E+00  0.00000E+00  0.00000E+00  0.00000E+00  0.00000E+00  0.00000E+00  0.00000E+00  0.00000E+00  0.00000E+00  0.00000E+00
 OMEGA(6,3)    0.00000E+00  0.00000E+00  0.00000E+00  0.00000E+00  0.00000E+00  0.00000E+00  0.00000E+00  0.00000E+00  0.00000E+00  0.00000E+00  0.00000E+00  0.00000E+00  0.00000E+00  0.00000E+00  0.00000E+00  0.00000E+00  0.00000E+00  0.00000E+00  0.00000E+00  0.00000E+00  0.00000E+00  0.00000E+00  0.00000E+00  0.00000E+00
 OMEGA(6,4)    0.00000E+00  0.00000E+00  0.00000E+00  0.00000E+00  0.00000E+00  0.00000E+00  0.00000E+00  0.00000E+00  0.00000E+00  0.00000E+00  0.00000E+00  0.00000E+00  0.00000E+00  0.00000E+00  0.00000E+00  0.00000E+00  0.00000E+00  0.00000E+00  0.00000E+00  0.00000E+00  0.00000E+00  0.00000E+00  0.00000E+00  0.00000E+00
 OMEGA(6,5)   -9.25134E-03  3.90593E-03  1.11595E-02 -1.23636E-02  1.95746E-02  3.84847E-03  0.00000E+00  0.00000E+00 -8.02717E-02  0.00000E+00  0.00000E+00  4.07861E-02 -1.87492E-02  0.00000E+00  0.00000E+00  0.00000E+00  0.00000E+00 -6.60596E-01  0.00000E+00  0.00000E+00  0.00000E+00  0.00000E+00  2.46707E-02 -2.88873E-01
 OMEGA(6,6)    1.87254E-02  1.33510E-02 -4.80872E-03  5.45897E-03 -1.52426E-02 -4.04658E-02  0.00000E+00  0.00000E+00 -8.52836E-03  0.00000E+00  0.00000E+00 -1.07057E-01  1.07880E-02  0.00000E+00  0.00000E+00  0.00000E+00  0.00000E+00  1.93821E-01  0.00000E+00  0.00000E+00  0.00000E+00  0.00000E+00 -2.88873E-01  2.70223E-02
