TABLE NO.     1: Iterative Two Stage: Problem=1 Subproblem=0 Superproblem1=0 Iteration1=0 Superproblem2=0 Iteration2=0
 NAME         THETA1       THETA2       SIGMA(1,1)   OMEGA(1,1)   OMEGA(2,1)   OMEGA(2,2)   OMEGA(3,1)   OMEGA(3,2)   OMEGA(3,3)   OMEGA(4,1)   OMEGA(4,2)   OMEGA(4,3)   OMEGA(4,4)   OMEGA(5,1)   OMEGA(5,2)   OMEGA(5,3)   OMEGA(5,4)   OMEGA(5,5)   OMEGA(6,1)   OMEGA(6,2)   OMEGA(6,3)   OMEGA(6,4)   OMEGA(6,5)   OMEGA(6,6)
 THETA1        5.52469E-06  3.20019E-07  1.51416E-08 -5.85710E-09  6.68415E-08  4.75181E-09  0.00000E+00  0.00000E+00  6.34606E-08  0.00000E+00  0.00000E+00 -2.03473E-09  4.10630E-08  0.00000E+00  0.00000E+00  0.00000E+00  0.00000E+00  2.20993E-06  0.00000E+00  0.00000E+00  0.00000E+00  0.00000E+00 -5.60628E-07  1.21495E-06
 THETA2        3.20019E-07  5.95026E-06  2.86305E-09  5.77327E-08  2.46136E-08  1.59306E-08  0.00000E+00  0.00000E+00  6.70949E-08  0.00000E+00  0.00000E+00  2.06063E-08  7.23071E-09  0.00000E+00  0.00000E+00  0.00000E+00  0.00000E+00  6.70441E-08  0.00000E+00  0.00000E+00  0.00000E+00  0.00000E+00  1.86164E-07  9.55456E-07
 SIGMA(1,1)    1.51416E-08  2.86305E-09  1.62749E-08 -1.88381E-09 -2.63376E-10 -2.19242E-09  0.00000E+00  0.00000E+00  1.82341E-09  0.00000E+00  0.00000E+00 -5.48052E-10 -2.57611E-09  0.00000E+00  0.00000E+00  0.00000E+00  0.00000E+00 -1.24268E-07  0.00000E+00  0.00000E+00  0.00000E+00  0.00000E+00  2.80191E-08 -2.03105E-08
 OMEGA(1,1)   -5.85710E-09  5.77327E-08 -1.88381E-09  1.15739E-07  8.30414E-09 -2.11259E-09  0.00000E+00  0.00000E+00  1.77994E-08  0.00000E+00  0.00000E+00 -7.02636E-09  1.68476E-08  0.00000E+00  0.00000E+00  0.00000E+00  0.00000E+00  1.90657E-07  0.00000E+00  0.00000E+00  0.00000E+00  0.00000E+00 -8.02855E-08  6.72987E-08
 OMEGA(2,1)    6.68415E-08  2.46136E-08 -2.63376E-10  8.30414E-09  6.52269E-08 -4.95608E-12  0.00000E+00  0.00000E+00  6.75993E-09  0.00000E+00  0.00000E+00 -1.96700E-08  6.54784E-09  0.00000E+00  0.00000E+00  0.00000E+00  0.00000E+00  5.54021E-08  0.00000E+00  0.00000E+00  0.00000E+00  0.00000E+00  1.12380E-07 -6.48089E-08
 OMEGA(2,2)    4.75181E-09  1.59306E-08 -2.19242E-09 -2.11259E-09 -4.95608E-12  1.43930E-07  0.00000E+00  0.00000E+00 -1.28751E-08  0.00000E+00  0.00000E+00  1.10778E-08 -1.10682E-08  0.00000E+00  0.00000E+00  0.00000E+00  0.00000E+00 -2.53471E-07  0.00000E+00  0.00000E+00  0.00000E+00  0.00000E+00  1.59554E-08 -4.08849E-07
 OMEGA(3,1)    0.00000E+00  0.00000E+00  0.00000E+00  0.00000E+00  0.00000E+00  0.00000E+00  0.00000E+00  0.00000E+00  0.00000E+00  0.00000E+00  0.00000E+00  0.00000E+00  0.00000E+00  0.00000E+00  0.00000E+00  0.00000E+00  0.00000E+00  0.00000E+00  0.00000E+00  0.00000E+00  0.00000E+00  0.00000E+00  0.00000E+00  0.00000E+00
 OMEGA(3,2)    0.00000E+00  0.00000E+00  0.00000E+00  0.00000E+00  0.00000E+00  0.00000E+00  0.00000E+00  0.00000E+00  0.00000E+00  0.00000E+00  0.00000E+00  0.00000E+00  0.00000E+00  0.00000E+00  0.00000E+00  0.00000E+00  0.00000E+00  0.00000E+00  0.00000E+00  0.00000E+00  0.00000E+00  0.00000E+00  0.00000E+00  0.00000E+00
 OMEGA(3,3)    6.34606E-08  6.70949E-08  1.82341E-09  1.77994E-08  6.75993E-09 -1.28751E-08  0.00000E+00  0.00000E+00  5.17727E-06  0.00000E+00  0.00000E+00 -2.35181E-07 -1.02583E-07  0.00000E+00  0.00000E+00  0.00000E+00  0.00000E+00  5.48015E-06  0.00000E+00  0.00000E+00  0.00000E+00  0.00000E+00 -4.32619E-06 -7.27486E-07
 OMEGA(4,1)    0.00000E+00  0.00000E+00  0.00000E+00  0.00000E+00  0.00000E+00  0.00000E+00  0.00000E+00  0.00000E+00  0.00000E+00  0.00000E+00  0.00000E+00  0.00000E+00  0.00000E+00  0.00000E+00  0.00000E+00  0.00000E+00  0.00000E+00  0.00000E+00  0.00000E+00  0.00000E+00  0.00000E+00  0.00000E+00  0.00000E+00  0.00000E+00
 OMEGA(4,2)    0.00000E+00  0.00000E+00  0.00000E+00  0.00000E+00  0.00000E+00  0.00000E+00  0.00000E+00  0.00000E+00  0.00000E+00  0.00000E+00  0.00000E+00  0.00000E+00  0.00000E+00  0.00000E+00  0.00000E+00  0.00000E+00  0.00000E+00  0.00000E+00  0.00000E+00  0.00000E+00  0.00000E+00  0.00000E+00  0.00000E+00  0.00000E+00
 OMEGA(4,3)   -2.03473E-09  2.06063E-08 -5.48052E-10 -7.02636E-09 -1.96700E-08  1.10778E-08  0.00000E+00  0.00000E+00 -2.35181E-07  0.00000E+00  0.00000E+00  3.39228E-06  1.07144E-07  0.00000E+00  0.00000E+00  0.00000E+00  0.00000E+00  2.44150E-06  0.00000E+00  0.00000E+00  0.00000E+00  0.00000E+00  1.78058E-06 -5.25795E-06
 OMEGA(4,4)    4.10630E-08  7.23071E-09 -2.57611E-09  1.68476E-08  6.54784E-09 -1.10682E-08  0.00000E+00  0.00000E+00 -1.02583E-07  0.00000E+00  0.00000E+00  1.07144E-07  7.41500E-06  0.00000E+00  0.00000E+00  0.00000E+00  0.00000E+00  4.92335E-06  0.00000E+00  0.00000E+00  0.00000E+00  0.00000E+00 -1.18838E-06  8.04978E-07
 OMEGA(5,1)    0.00000E+00  0.00000E+00  0.00000E+00  0.00000E+00  0.00000E+00  0.00000E+00  0.00000E+00  0.00000E+00  0.00000E+00  0.00000E+00  0.00000E+00  0.00000E+00  0.00000E+00  0.00000E+00  0.00000E+00  0.00000E+00  0.00000E+00  0.00000E+00  0.00000E+00  0.00000E+00  0.00000E+00  0.00000E+00  0.00000E+00  0.00000E+00
 OMEGA(5,2)    0.00000E+00  0.00000E+00  0.00000E+00  0.00000E+00  0.00000E+00  0.00000E+00  0.00000E+00  0.00000E+00  0.00000E+00  0.00000E+00  0.00000E+00  0.00000E+00  0.00000E+00  0.00000E+00  0.00000E+00  0.00000E+00  0.00000E+00  0.00000E+00  0.00000E+00  0.00000E+00  0.00000E+00  0.00000E+00  0.00000E+00  0.00000E+00
 OMEGA(5,3)    0.00000E+00  0.00000E+00  0.00000E+00  0.00000E+00  0.00000E+00  0.00000E+00  0.00000E+00  0.00000E+00  0.00000E+00  0.00000E+00  0.00000E+00  0.00000E+00  0.00000E+00  0.00000E+00  0.00000E+00  0.00000E+00  0.00000E+00  0.00000E+00  0.00000E+00  0.00000E+00  0.00000E+00  0.00000E+00  0.00000E+00  0.00000E+00
 OMEGA(5,4)    0.00000E+00  0.00000E+00  0.00000E+00  0.00000E+00  0.00000E+00  0.00000E+00  0.00000E+00  0.00000E+00  0.00000E+00  0.00000E+00  0.00000E+00  0.00000E+00  0.00000E+00  0.00000E+00  0.00000E+00  0.00000E+00  0.00000E+00  0.00000E+00  0.00000E+00  0.00000E+00  0.00000E+00  0.00000E+00  0.00000E+00  0.00000E+00
 OMEGA(5,5)    2.20993E-06  6.70441E-08 -1.24268E-07  1.90657E-07  5.54021E-08 -2.53471E-07  0.00000E+00  0.00000E+00  5.48015E-06  0.00000E+00  0.00000E+00  2.44150E-06  4.92335E-06  0.00000E+00  0.00000E+00  0.00000E+00  0.00000E+00  1.00714E-03  0.00000E+00  0.00000E+00  0.00000E+00  0.00000E+00 -4.97679E-04  1.61532E-04
 OMEGA(6,1)    0.00000E+00  0.00000E+00  0.00000E+00  0.00000E+00  0.00000E+00  0.00000E+00  0.00000E+00  0.00000E+00  0.00000E+00  0.00000E+00  0.00000E+00  0.00000E+00  0.00000E+00  0.00000E+00  0.00000E+00  0.00000E+00  0.00000E+00  0.00000E+00  0.00000E+00  0.00000E+00  0.00000E+00  0.00000E+00  0.00000E+00  0.00000E+00
 OMEGA(6,2)    0.00000E+00  0.00000E+00  0.00000E+00  0.00000E+00  0.00000E+00  0.00000E+00  0.00000E+00  0.00000E+00  0.00000E+00  0.00000E+00  0.00000E+00  0.00000E+00  0.00000E+00  0.00000E+00  0.00000E+00  0.00000E+00  0.00000E+00  0.00000E+00  0.00000E+00  0.00000E+00  0.00000E+00  0.00000E+00  0.00000E+00  0.00000E+00
 OMEGA(6,3)    0.00000E+00  0.00000E+00  0.00000E+00  0.00000E+00  0.00000E+00  0.00000E+00  0.00000E+00  0.00000E+00  0.00000E+00  0.00000E+00  0.00000E+00  0.00000E+00  0.00000E+00  0.00000E+00  0.00000E+00  0.00000E+00  0.00000E+00  0.00000E+00  0.00000E+00  0.00000E+00  0.00000E+00  0.00000E+00  0.00000E+00  0.00000E+00
 OMEGA(6,4)    0.00000E+00  0.00000E+00  0.00000E+00  0.00000E+00  0.00000E+00  0.00000E+00  0.00000E+00  0.00000E+00  0.00000E+00  0.00000E+00  0.00000E+00  0.00000E+00  0.00000E+00  0.00000E+00  0.00000E+00  0.00000E+00  0.00000E+00  0.00000E+00  0.00000E+00  0.00000E+00  0.00000E+00  0.00000E+00  0.00000E+00  0.00000E+00
 OMEGA(6,5)   -5.60628E-07  1.86164E-07  2.80191E-08 -8.02855E-08  1.12380E-07  1.59554E-08  0.00000E+00  0.00000E+00 -4.32619E-06  0.00000E+00  0.00000E+00  1.78058E-06 -1.18838E-06  0.00000E+00  0.00000E+00  0.00000E+00  0.00000E+00 -4.97679E-04  0.00000E+00  0.00000E+00  0.00000E+00  0.00000E+00  5.85497E-04 -1.78553E-04
 OMEGA(6,6)    1.21495E-06  9.55456E-07 -2.03105E-08  6.72987E-08 -6.48089E-08 -4.08849E-07  0.00000E+00  0.00000E+00 -7.27486E-07  0.00000E+00  0.00000E+00 -5.25795E-06  8.04978E-07  0.00000E+00  0.00000E+00  0.00000E+00  0.00000E+00  1.61532E-04  0.00000E+00  0.00000E+00  0.00000E+00  0.00000E+00 -1.78553E-04  7.22975E-04
