TABLE NO.     1: Importance Sampling assisted by MAP Estimation: Problem=1 Subproblem=0 Superproblem1=0 Iteration1=0 Superproblem2=0 Iteration2=0
 NAME         THETA1       THETA2       SIGMA(1,1)   OMEGA(1,1)   OMEGA(2,1)   OMEGA(2,2)   OMEGA(3,1)   OMEGA(3,2)   OMEGA(3,3)   OMEGA(4,1)   OMEGA(4,2)   OMEGA(4,3)   OMEGA(4,4)   OMEGA(5,1)   OMEGA(5,2)   OMEGA(5,3)   OMEGA(5,4)   OMEGA(5,5)   OMEGA(6,1)   OMEGA(6,2)   OMEGA(6,3)   OMEGA(6,4)   OMEGA(6,5)   OMEGA(6,6)
 THETA1        2.22587E-03  4.45559E-02  3.60841E-02 -2.83023E-02  5.27250E-02 -2.17742E-02  0.00000E+00  0.00000E+00  1.26799E-02  0.00000E+00  0.00000E+00  1.91330E-03  3.12869E-03  0.00000E+00  0.00000E+00  0.00000E+00  0.00000E+00  2.66240E-02  0.00000E+00  0.00000E+00  0.00000E+00  0.00000E+00 -1.05200E-02  2.02737E-02
 THETA2        4.45559E-02  2.31062E-03  4.03060E-02  2.25601E-02 -9.80000E-03  4.07226E-03  0.00000E+00  0.00000E+00  9.63569E-03  0.00000E+00  0.00000E+00  5.51821E-03 -7.59717E-06  0.00000E+00  0.00000E+00  0.00000E+00  0.00000E+00 -1.88662E-03  0.00000E+00  0.00000E+00  0.00000E+00  0.00000E+00  3.87277E-03  1.45460E-02
 SIGMA(1,1)    3.60841E-02  4.03060E-02  1.24840E-04 -6.86241E-02 -2.89763E-02 -7.59245E-02  0.00000E+00  0.00000E+00  7.94181E-03  0.00000E+00  0.00000E+00  1.64009E-03 -6.36857E-03  0.00000E+00  0.00000E+00  0.00000E+00  0.00000E+00 -2.79125E-02  0.00000E+00  0.00000E+00  0.00000E+00  0.00000E+00  9.96780E-03 -3.38821E-03
 OMEGA(1,1)   -2.83023E-02  2.25601E-02 -6.86241E-02  3.44272E-04  7.10999E-02  1.41587E-03  0.00000E+00  0.00000E+00  2.08432E-02  0.00000E+00  0.00000E+00 -1.20843E-02  1.90808E-02  0.00000E+00  0.00000E+00  0.00000E+00  0.00000E+00  2.00161E-02  0.00000E+00  0.00000E+00  0.00000E+00  0.00000E+00 -1.09322E-02  6.90923E-03
 OMEGA(2,1)    5.27250E-02 -9.80000E-03 -2.89763E-02  7.10999E-02  2.57632E-04  6.20237E-02  0.00000E+00  0.00000E+00  8.71260E-03  0.00000E+00  0.00000E+00 -4.01958E-02  7.85691E-03  0.00000E+00  0.00000E+00  0.00000E+00  0.00000E+00  1.84702E-03  0.00000E+00  0.00000E+00  0.00000E+00  0.00000E+00  2.08280E-02 -1.55363E-02
 OMEGA(2,2)   -2.17742E-02  4.07226E-03 -7.59245E-02  1.41587E-03  6.20237E-02  3.76964E-04  0.00000E+00  0.00000E+00 -1.53519E-02  0.00000E+00  0.00000E+00  1.33480E-02 -9.94387E-03  0.00000E+00  0.00000E+00  0.00000E+00  0.00000E+00 -1.90220E-02  0.00000E+00  0.00000E+00  0.00000E+00  0.00000E+00  2.91493E-03 -3.98546E-02
 OMEGA(3,1)    0.00000E+00  0.00000E+00  0.00000E+00  0.00000E+00  0.00000E+00  0.00000E+00  0.00000E+00  0.00000E+00  0.00000E+00  0.00000E+00  0.00000E+00  0.00000E+00  0.00000E+00  0.00000E+00  0.00000E+00  0.00000E+00  0.00000E+00  0.00000E+00  0.00000E+00  0.00000E+00  0.00000E+00  0.00000E+00  0.00000E+00  0.00000E+00
 OMEGA(3,2)    0.00000E+00  0.00000E+00  0.00000E+00  0.00000E+00  0.00000E+00  0.00000E+00  0.00000E+00  0.00000E+00  0.00000E+00  0.00000E+00  0.00000E+00  0.00000E+00  0.00000E+00  0.00000E+00  0.00000E+00  0.00000E+00  0.00000E+00  0.00000E+00  0.00000E+00  0.00000E+00  0.00000E+00  0.00000E+00  0.00000E+00  0.00000E+00
 OMEGA(3,3)    1.26799E-02  9.63569E-03  7.94181E-03  2.08432E-02  8.71260E-03 -1.53519E-02  0.00000E+00  0.00000E+00  2.33571E-03  0.00000E+00  0.00000E+00 -7.76643E-02 -1.84247E-02  0.00000E+00  0.00000E+00  0.00000E+00  0.00000E+00  7.62834E-02  0.00000E+00  0.00000E+00  0.00000E+00  0.00000E+00 -8.05166E-02 -8.43451E-03
 OMEGA(4,1)    0.00000E+00  0.00000E+00  0.00000E+00  0.00000E+00  0.00000E+00  0.00000E+00  0.00000E+00  0.00000E+00  0.00000E+00  0.00000E+00  0.00000E+00  0.00000E+00  0.00000E+00  0.00000E+00  0.00000E+00  0.00000E+00  0.00000E+00  0.00000E+00  0.00000E+00  0.00000E+00  0.00000E+00  0.00000E+00  0.00000E+00  0.00000E+00
 OMEGA(4,2)    0.00000E+00  0.00000E+00  0.00000E+00  0.00000E+00  0.00000E+00  0.00000E+00  0.00000E+00  0.00000E+00  0.00000E+00  0.00000E+00  0.00000E+00  0.00000E+00  0.00000E+00  0.00000E+00  0.00000E+00  0.00000E+00  0.00000E+00  0.00000E+00  0.00000E+00  0.00000E+00  0.00000E+00  0.00000E+00  0.00000E+00  0.00000E+00
 OMEGA(4,3)    1.91330E-03  5.51821E-03  1.64009E-03 -1.20843E-02 -4.01958E-02  1.33480E-02  0.00000E+00  0.00000E+00 -7.76643E-02  0.00000E+00  0.00000E+00  1.86334E-03  2.81151E-03  0.00000E+00  0.00000E+00  0.00000E+00  0.00000E+00  3.94160E-02  0.00000E+00  0.00000E+00  0.00000E+00  0.00000E+00  4.06437E-02 -1.07100E-01
 OMEGA(4,4)    3.12869E-03 -7.59717E-06 -6.36857E-03  1.90808E-02  7.85691E-03 -9.94387E-03  0.00000E+00  0.00000E+00 -1.84247E-02  0.00000E+00  0.00000E+00  2.81151E-03  2.73348E-03  0.00000E+00  0.00000E+00  0.00000E+00  0.00000E+00  5.69062E-02  0.00000E+00  0.00000E+00  0.00000E+00  0.00000E+00 -1.86253E-02  1.13981E-02
 OMEGA(5,1)    0.00000E+00  0.00000E+00  0.00000E+00  0.00000E+00  0.00000E+00  0.00000E+00  0.00000E+00  0.00000E+00  0.00000E+00  0.00000E+00  0.00000E+00  0.00000E+00  0.00000E+00  0.00000E+00  0.00000E+00  0.00000E+00  0.00000E+00  0.00000E+00  0.00000E+00  0.00000E+00  0.00000E+00  0.00000E+00  0.00000E+00  0.00000E+00
 OMEGA(5,2)    0.00000E+00  0.00000E+00  0.00000E+00  0.00000E+00  0.00000E+00  0.00000E+00  0.00000E+00  0.00000E+00  0.00000E+00  0.00000E+00  0.00000E+00  0.00000E+00  0.00000E+00  0.00000E+00  0.00000E+00  0.00000E+00  0.00000E+00  0.00000E+00  0.00000E+00  0.00000E+00  0.00000E+00  0.00000E+00  0.00000E+00  0.00000E+00
 OMEGA(5,3)    0.00000E+00  0.00000E+00  0.00000E+00  0.00000E+00  0.00000E+00  0.00000E+00  0.00000E+00  0.00000E+00  0.00000E+00  0.00000E+00  0.00000E+00  0.00000E+00  0.00000E+00  0.00000E+00  0.00000E+00  0.00000E+00  0.00000E+00  0.00000E+00  0.00000E+00  0.00000E+00  0.00000E+00  0.00000E+00  0.00000E+00  0.00000E+00
 OMEGA(5,4)    0.00000E+00  0.00000E+00  0.00000E+00  0.00000E+00  0.00000E+00  0.00000E+00  0.00000E+00  0.00000E+00  0.00000E+00  0.00000E+00  0.00000E+00  0.00000E+00  0.00000E+00  0.00000E+00  0.00000E+00  0.00000E+00  0.00000E+00  0.00000E+00  0.00000E+00  0.00000E+00  0.00000E+00  0.00000E+00  0.00000E+00  0.00000E+00
 OMEGA(5,5)    2.66240E-02 -1.88662E-03 -2.79125E-02  2.00161E-02  1.84702E-03 -1.90220E-02  0.00000E+00  0.00000E+00  7.62834E-02  0.00000E+00  0.00000E+00  3.94160E-02  5.69062E-02  0.00000E+00  0.00000E+00  0.00000E+00  0.00000E+00  3.27935E-02  0.00000E+00  0.00000E+00  0.00000E+00  0.00000E+00 -6.60901E-01  1.94728E-01
 OMEGA(6,1)    0.00000E+00  0.00000E+00  0.00000E+00  0.00000E+00  0.00000E+00  0.00000E+00  0.00000E+00  0.00000E+00  0.00000E+00  0.00000E+00  0.00000E+00  0.00000E+00  0.00000E+00  0.00000E+00  0.00000E+00  0.00000E+00  0.00000E+00  0.00000E+00  0.00000E+00  0.00000E+00  0.00000E+00  0.00000E+00  0.00000E+00  0.00000E+00
 OMEGA(6,2)    0.00000E+00  0.00000E+00  0.00000E+00  0.00000E+00  0.00000E+00  0.00000E+00  0.00000E+00  0.00000E+00  0.00000E+00  0.00000E+00  0.00000E+00  0.00000E+00  0.00000E+00  0.00000E+00  0.00000E+00  0.00000E+00  0.00000E+00  0.00000E+00  0.00000E+00  0.00000E+00  0.00000E+00  0.00000E+00  0.00000E+00  0.00000E+00
 OMEGA(6,3)    0.00000E+00  0.00000E+00  0.00000E+00  0.00000E+00  0.00000E+00  0.00000E+00  0.00000E+00  0.00000E+00  0.00000E+00  0.00000E+00  0.00000E+00  0.00000E+00  0.00000E+00  0.00000E+00  0.00000E+00  0.00000E+00  0.00000E+00  0.00000E+00  0.00000E+00  0.00000E+00  0.00000E+00  0.00000E+00  0.00000E+00  0.00000E+00
 OMEGA(6,4)    0.00000E+00  0.00000E+00  0.00000E+00  0.00000E+00  0.00000E+00  0.00000E+00  0.00000E+00  0.00000E+00  0.00000E+00  0.00000E+00  0.00000E+00  0.00000E+00  0.00000E+00  0.00000E+00  0.00000E+00  0.00000E+00  0.00000E+00  0.00000E+00  0.00000E+00  0.00000E+00  0.00000E+00  0.00000E+00  0.00000E+00  0.00000E+00
 OMEGA(6,5)   -1.05200E-02  3.87277E-03  9.96780E-03 -1.09322E-02  2.08280E-02  2.91493E-03  0.00000E+00  0.00000E+00 -8.05166E-02  0.00000E+00  0.00000E+00  4.06437E-02 -1.86253E-02  0.00000E+00  0.00000E+00  0.00000E+00  0.00000E+00 -6.60901E-01  0.00000E+00  0.00000E+00  0.00000E+00  0.00000E+00  2.46723E-02 -2.89813E-01
 OMEGA(6,6)    2.02737E-02  1.45460E-02 -3.38821E-03  6.90923E-03 -1.55363E-02 -3.98546E-02  0.00000E+00  0.00000E+00 -8.43451E-03  0.00000E+00  0.00000E+00 -1.07100E-01  1.13981E-02  0.00000E+00  0.00000E+00  0.00000E+00  0.00000E+00  1.94728E-01  0.00000E+00  0.00000E+00  0.00000E+00  0.00000E+00 -2.89813E-01  2.70008E-02
