TABLE NO.     1: Iterative Two Stage: Problem=1 Subproblem=0 Superproblem1=0 Iteration1=0 Superproblem2=0 Iteration2=0
 NAME         THETA1       THETA2       SIGMA(1,1)   OMEGA(1,1)   OMEGA(2,1)   OMEGA(2,2)   OMEGA(3,1)   OMEGA(3,2)   OMEGA(3,3)   OMEGA(4,1)   OMEGA(4,2)   OMEGA(4,3)   OMEGA(4,4)   OMEGA(5,1)   OMEGA(5,2)   OMEGA(5,3)   OMEGA(5,4)   OMEGA(5,5)   OMEGA(6,1)   OMEGA(6,2)   OMEGA(6,3)   OMEGA(6,4)   OMEGA(6,5)   OMEGA(6,6)
 THETA1        5.52609E-06  3.21872E-07  1.51421E-08 -5.79091E-09  6.68752E-08  4.76864E-09  0.00000E+00  0.00000E+00  6.34849E-08  0.00000E+00  0.00000E+00 -2.03589E-09  4.10695E-08  0.00000E+00  0.00000E+00  0.00000E+00  0.00000E+00  2.21013E-06  0.00000E+00  0.00000E+00  0.00000E+00  0.00000E+00 -5.60587E-07  1.21516E-06
 THETA2        3.21872E-07  5.95096E-06  2.86233E-09  5.77535E-08  2.46562E-08  1.59767E-08  0.00000E+00  0.00000E+00  6.71029E-08  0.00000E+00  0.00000E+00  2.06052E-08  7.23763E-09  0.00000E+00  0.00000E+00  0.00000E+00  0.00000E+00  6.72845E-08  0.00000E+00  0.00000E+00  0.00000E+00  0.00000E+00  1.86166E-07  9.55538E-07
 SIGMA(1,1)    1.51421E-08  2.86233E-09  1.62750E-08 -1.88305E-09 -2.62552E-10 -2.19242E-09  0.00000E+00  0.00000E+00  1.82381E-09  0.00000E+00  0.00000E+00 -5.48246E-10 -2.57601E-09  0.00000E+00  0.00000E+00  0.00000E+00  0.00000E+00 -1.24251E-07  0.00000E+00  0.00000E+00  0.00000E+00  0.00000E+00  2.80113E-08 -2.03012E-08
 OMEGA(1,1)   -5.79091E-09  5.77535E-08 -1.88305E-09  1.15798E-07  8.34549E-09 -2.11071E-09  0.00000E+00  0.00000E+00  1.78051E-08  0.00000E+00  0.00000E+00 -7.03333E-09  1.68525E-08  0.00000E+00  0.00000E+00  0.00000E+00  0.00000E+00  1.90644E-07  0.00000E+00  0.00000E+00  0.00000E+00  0.00000E+00 -8.02134E-08  6.72545E-08
 OMEGA(2,1)    6.68752E-08  2.46562E-08 -2.62552E-10  8.34549E-09  6.52512E-08  3.64092E-11  0.00000E+00  0.00000E+00  6.76276E-09  0.00000E+00  0.00000E+00 -1.96721E-08  6.54805E-09  0.00000E+00  0.00000E+00  0.00000E+00  0.00000E+00  5.53507E-08  0.00000E+00  0.00000E+00  0.00000E+00  0.00000E+00  1.12421E-07 -6.48917E-08
 OMEGA(2,2)    4.76864E-09  1.59767E-08 -2.19242E-09 -2.11071E-09  3.64092E-11  1.43959E-07  0.00000E+00  0.00000E+00 -1.28762E-08  0.00000E+00  0.00000E+00  1.10731E-08 -1.10666E-08  0.00000E+00  0.00000E+00  0.00000E+00  0.00000E+00 -2.53480E-07  0.00000E+00  0.00000E+00  0.00000E+00  0.00000E+00  1.60097E-08 -4.08946E-07
 OMEGA(3,1)    0.00000E+00  0.00000E+00  0.00000E+00  0.00000E+00  0.00000E+00  0.00000E+00  0.00000E+00  0.00000E+00  0.00000E+00  0.00000E+00  0.00000E+00  0.00000E+00  0.00000E+00  0.00000E+00  0.00000E+00  0.00000E+00  0.00000E+00  0.00000E+00  0.00000E+00  0.00000E+00  0.00000E+00  0.00000E+00  0.00000E+00  0.00000E+00
 OMEGA(3,2)    0.00000E+00  0.00000E+00  0.00000E+00  0.00000E+00  0.00000E+00  0.00000E+00  0.00000E+00  0.00000E+00  0.00000E+00  0.00000E+00  0.00000E+00  0.00000E+00  0.00000E+00  0.00000E+00  0.00000E+00  0.00000E+00  0.00000E+00  0.00000E+00  0.00000E+00  0.00000E+00  0.00000E+00  0.00000E+00  0.00000E+00  0.00000E+00
 OMEGA(3,3)    6.34849E-08  6.71029E-08  1.82381E-09  1.78051E-08  6.76276E-09 -1.28762E-08  0.00000E+00  0.00000E+00  5.17728E-06  0.00000E+00  0.00000E+00 -2.35151E-07 -1.02584E-07  0.00000E+00  0.00000E+00  0.00000E+00  0.00000E+00  5.48013E-06  0.00000E+00  0.00000E+00  0.00000E+00  0.00000E+00 -4.32618E-06 -7.27532E-07
 OMEGA(4,1)    0.00000E+00  0.00000E+00  0.00000E+00  0.00000E+00  0.00000E+00  0.00000E+00  0.00000E+00  0.00000E+00  0.00000E+00  0.00000E+00  0.00000E+00  0.00000E+00  0.00000E+00  0.00000E+00  0.00000E+00  0.00000E+00  0.00000E+00  0.00000E+00  0.00000E+00  0.00000E+00  0.00000E+00  0.00000E+00  0.00000E+00  0.00000E+00
 OMEGA(4,2)    0.00000E+00  0.00000E+00  0.00000E+00  0.00000E+00  0.00000E+00  0.00000E+00  0.00000E+00  0.00000E+00  0.00000E+00  0.00000E+00  0.00000E+00  0.00000E+00  0.00000E+00  0.00000E+00  0.00000E+00  0.00000E+00  0.00000E+00  0.00000E+00  0.00000E+00  0.00000E+00  0.00000E+00  0.00000E+00  0.00000E+00  0.00000E+00
 OMEGA(4,3)   -2.03589E-09  2.06052E-08 -5.48246E-10 -7.03333E-09 -1.96721E-08  1.10731E-08  0.00000E+00  0.00000E+00 -2.35151E-07  0.00000E+00  0.00000E+00  3.39229E-06  1.07181E-07  0.00000E+00  0.00000E+00  0.00000E+00  0.00000E+00  2.44156E-06  0.00000E+00  0.00000E+00  0.00000E+00  0.00000E+00  1.78056E-06 -5.25796E-06
 OMEGA(4,4)    4.10695E-08  7.23763E-09 -2.57601E-09  1.68525E-08  6.54805E-09 -1.10666E-08  0.00000E+00  0.00000E+00 -1.02584E-07  0.00000E+00  0.00000E+00  1.07181E-07  7.41502E-06  0.00000E+00  0.00000E+00  0.00000E+00  0.00000E+00  4.92335E-06  0.00000E+00  0.00000E+00  0.00000E+00  0.00000E+00 -1.18836E-06  8.04931E-07
 OMEGA(5,1)    0.00000E+00  0.00000E+00  0.00000E+00  0.00000E+00  0.00000E+00  0.00000E+00  0.00000E+00  0.00000E+00  0.00000E+00  0.00000E+00  0.00000E+00  0.00000E+00  0.00000E+00  0.00000E+00  0.00000E+00  0.00000E+00  0.00000E+00  0.00000E+00  0.00000E+00  0.00000E+00  0.00000E+00  0.00000E+00  0.00000E+00  0.00000E+00
 OMEGA(5,2)    0.00000E+00  0.00000E+00  0.00000E+00  0.00000E+00  0.00000E+00  0.00000E+00  0.00000E+00  0.00000E+00  0.00000E+00  0.00000E+00  0.00000E+00  0.00000E+00  0.00000E+00  0.00000E+00  0.00000E+00  0.00000E+00  0.00000E+00  0.00000E+00  0.00000E+00  0.00000E+00  0.00000E+00  0.00000E+00  0.00000E+00  0.00000E+00
 OMEGA(5,3)    0.00000E+00  0.00000E+00  0.00000E+00  0.00000E+00  0.00000E+00  0.00000E+00  0.00000E+00  0.00000E+00  0.00000E+00  0.00000E+00  0.00000E+00  0.00000E+00  0.00000E+00  0.00000E+00  0.00000E+00  0.00000E+00  0.00000E+00  0.00000E+00  0.00000E+00  0.00000E+00  0.00000E+00  0.00000E+00  0.00000E+00  0.00000E+00
 OMEGA(5,4)    0.00000E+00  0.00000E+00  0.00000E+00  0.00000E+00  0.00000E+00  0.00000E+00  0.00000E+00  0.00000E+00  0.00000E+00  0.00000E+00  0.00000E+00  0.00000E+00  0.00000E+00  0.00000E+00  0.00000E+00  0.00000E+00  0.00000E+00  0.00000E+00  0.00000E+00  0.00000E+00  0.00000E+00  0.00000E+00  0.00000E+00  0.00000E+00
 OMEGA(5,5)    2.21013E-06  6.72845E-08 -1.24251E-07  1.90644E-07  5.53507E-08 -2.53480E-07  0.00000E+00  0.00000E+00  5.48013E-06  0.00000E+00  0.00000E+00  2.44156E-06  4.92335E-06  0.00000E+00  0.00000E+00  0.00000E+00  0.00000E+00  1.00714E-03  0.00000E+00  0.00000E+00  0.00000E+00  0.00000E+00 -4.97675E-04  1.61529E-04
 OMEGA(6,1)    0.00000E+00  0.00000E+00  0.00000E+00  0.00000E+00  0.00000E+00  0.00000E+00  0.00000E+00  0.00000E+00  0.00000E+00  0.00000E+00  0.00000E+00  0.00000E+00  0.00000E+00  0.00000E+00  0.00000E+00  0.00000E+00  0.00000E+00  0.00000E+00  0.00000E+00  0.00000E+00  0.00000E+00  0.00000E+00  0.00000E+00  0.00000E+00
 OMEGA(6,2)    0.00000E+00  0.00000E+00  0.00000E+00  0.00000E+00  0.00000E+00  0.00000E+00  0.00000E+00  0.00000E+00  0.00000E+00  0.00000E+00  0.00000E+00  0.00000E+00  0.00000E+00  0.00000E+00  0.00000E+00  0.00000E+00  0.00000E+00  0.00000E+00  0.00000E+00  0.00000E+00  0.00000E+00  0.00000E+00  0.00000E+00  0.00000E+00
 OMEGA(6,3)    0.00000E+00  0.00000E+00  0.00000E+00  0.00000E+00  0.00000E+00  0.00000E+00  0.00000E+00  0.00000E+00  0.00000E+00  0.00000E+00  0.00000E+00  0.00000E+00  0.00000E+00  0.00000E+00  0.00000E+00  0.00000E+00  0.00000E+00  0.00000E+00  0.00000E+00  0.00000E+00  0.00000E+00  0.00000E+00  0.00000E+00  0.00000E+00
 OMEGA(6,4)    0.00000E+00  0.00000E+00  0.00000E+00  0.00000E+00  0.00000E+00  0.00000E+00  0.00000E+00  0.00000E+00  0.00000E+00  0.00000E+00  0.00000E+00  0.00000E+00  0.00000E+00  0.00000E+00  0.00000E+00  0.00000E+00  0.00000E+00  0.00000E+00  0.00000E+00  0.00000E+00  0.00000E+00  0.00000E+00  0.00000E+00  0.00000E+00
 OMEGA(6,5)   -5.60587E-07  1.86166E-07  2.80113E-08 -8.02134E-08  1.12421E-07  1.60097E-08  0.00000E+00  0.00000E+00 -4.32618E-06  0.00000E+00  0.00000E+00  1.78056E-06 -1.18836E-06  0.00000E+00  0.00000E+00  0.00000E+00  0.00000E+00 -4.97675E-04  0.00000E+00  0.00000E+00  0.00000E+00  0.00000E+00  5.85496E-04 -1.78549E-04
 OMEGA(6,6)    1.21516E-06  9.55538E-07 -2.03012E-08  6.72545E-08 -6.48917E-08 -4.08946E-07  0.00000E+00  0.00000E+00 -7.27532E-07  0.00000E+00  0.00000E+00 -5.25796E-06  8.04931E-07  0.00000E+00  0.00000E+00  0.00000E+00  0.00000E+00  1.61529E-04  0.00000E+00  0.00000E+00  0.00000E+00  0.00000E+00 -1.78549E-04  7.22975E-04
