TABLE NO.     1: Iterative Two Stage: Problem=1 Subproblem=0 Superproblem1=0 Iteration1=0 Superproblem2=0 Iteration2=0
 NAME         THETA1       THETA2       THETA3       SIGMA(1,1)   OMEGA(1,1)   OMEGA(2,1)   OMEGA(2,2)   OMEGA(3,1)   OMEGA(3,2)   OMEGA(3,3)   OMEGA(4,1)   OMEGA(4,2)   OMEGA(4,3)   OMEGA(4,4)   OMEGA(5,1)   OMEGA(5,2)   OMEGA(5,3)   OMEGA(5,4)   OMEGA(5,5)   OMEGA(6,1)   OMEGA(6,2)   OMEGA(6,3)   OMEGA(6,4)   OMEGA(6,5)   OMEGA(6,6)
 THETA1        3.22702E+04 -2.34823E+03 -4.26675E+03 -4.74763E+04  1.86367E+04 -9.34830E+03  4.83780E+03 -4.98597E+04 -1.15452E+03  1.07394E+03  0.00000E+00  0.00000E+00  0.00000E+00 -1.21325E+02  0.00000E+00  0.00000E+00  0.00000E+00  1.78265E+02 -1.87673E+02  0.00000E+00  0.00000E+00  0.00000E+00 -5.94657E+02 -6.03062E+02  1.86599E+02
 THETA2       -2.34823E+03  7.75807E+04 -8.41021E+03 -1.65903E+04 -9.19204E+03  1.01486E+04 -8.52680E+04 -7.08951E+02  5.08421E+04 -2.29642E+04  0.00000E+00  0.00000E+00  0.00000E+00  6.33254E+01  0.00000E+00  0.00000E+00  0.00000E+00 -4.02586E+02 -5.78287E+01  0.00000E+00  0.00000E+00  0.00000E+00 -5.64489E+02  2.54964E+01  1.74480E+02
 THETA3       -4.26675E+03 -8.41021E+03  7.74878E+04 -9.15281E+04 -1.96625E+04 -1.39931E+03  2.50144E+04  1.87789E+03 -4.60624E+04  6.69469E+03  0.00000E+00  0.00000E+00  0.00000E+00  7.12211E+01  0.00000E+00  0.00000E+00  0.00000E+00 -4.82130E+02 -6.97271E+01  0.00000E+00  0.00000E+00  0.00000E+00 -6.19345E+02  3.74048E+01  1.95018E+02
 SIGMA(1,1)   -4.74763E+04 -1.65903E+04 -9.15281E+04  3.31047E+08  1.00061E+06 -9.36178E+04  1.46891E+06  1.34793E+06  2.18201E+06  1.77891E+06  0.00000E+00  0.00000E+00  0.00000E+00 -2.53339E+04  0.00000E+00  0.00000E+00  0.00000E+00 -4.60889E+04 -7.08153E+04  0.00000E+00  0.00000E+00  0.00000E+00 -1.35534E+05 -1.09348E+04  7.37110E+04
 OMEGA(1,1)    1.86367E+04 -9.19204E+03 -1.96625E+04  1.00061E+06  1.24679E+06 -1.13413E+05  7.43420E+03 -1.66695E+05 -8.57729E+03 -1.17063E+05  0.00000E+00  0.00000E+00  0.00000E+00  1.31675E+04  0.00000E+00  0.00000E+00  0.00000E+00 -1.14068E+04 -1.70224E+03  0.00000E+00  0.00000E+00  0.00000E+00 -7.18558E+03  6.99816E+03  7.49651E+02
 OMEGA(2,1)   -9.34830E+03  1.01486E+04 -1.39931E+03 -9.36178E+04 -1.13413E+05  3.54719E+06 -1.48358E+05 -3.70166E+05 -5.11464E+05 -1.93005E+03  0.00000E+00  0.00000E+00  0.00000E+00 -3.83351E+03  0.00000E+00  0.00000E+00  0.00000E+00  3.11901E+03  1.83212E+02  0.00000E+00  0.00000E+00  0.00000E+00 -1.37415E+04  2.65405E+03  1.04929E+04
 OMEGA(2,2)    4.83780E+03 -8.52680E+04  2.50144E+04  1.46891E+06  7.43420E+03 -1.48358E+05  3.94656E+06 -1.07581E+04 -1.07897E+06 -8.86016E+04  0.00000E+00  0.00000E+00  0.00000E+00  3.78932E+03  0.00000E+00  0.00000E+00  0.00000E+00  3.78639E+03 -8.11540E+02  0.00000E+00  0.00000E+00  0.00000E+00 -1.12724E+04 -1.53592E+04 -1.36676E+03
 OMEGA(3,1)   -4.98597E+04 -7.08951E+02  1.87789E+03  1.34793E+06 -1.66695E+05 -3.70166E+05 -1.07581E+04  2.37599E+06 -2.55762E+05 -5.31359E+05  0.00000E+00  0.00000E+00  0.00000E+00 -7.70408E+03  0.00000E+00  0.00000E+00  0.00000E+00 -8.74743E+03  9.79248E+03  0.00000E+00  0.00000E+00  0.00000E+00 -5.25971E+03  1.33984E+04  7.04800E+03
 OMEGA(3,2)   -1.15452E+03  5.08421E+04 -4.60624E+04  2.18201E+06 -8.57729E+03 -5.11464E+05 -1.07897E+06 -2.55762E+05  7.38276E+06 -5.15698E+05  0.00000E+00  0.00000E+00  0.00000E+00  1.09820E+04  0.00000E+00  0.00000E+00  0.00000E+00 -9.47942E+03 -7.76861E+03  0.00000E+00  0.00000E+00  0.00000E+00  4.00118E+03  1.87689E+04  1.06654E+03
 OMEGA(3,3)    1.07394E+03 -2.29642E+04  6.69469E+03  1.77891E+06 -1.17063E+05 -1.93005E+03 -8.86016E+04 -5.31359E+05 -5.15698E+05  3.85719E+06  0.00000E+00  0.00000E+00  0.00000E+00 -6.12743E+03  0.00000E+00  0.00000E+00  0.00000E+00 -1.44599E+04 -4.13356E+03  0.00000E+00  0.00000E+00  0.00000E+00  1.43744E+04  1.21519E+04 -2.71850E+03
 OMEGA(4,1)    0.00000E+00  0.00000E+00  0.00000E+00  0.00000E+00  0.00000E+00  0.00000E+00  0.00000E+00  0.00000E+00  0.00000E+00  0.00000E+00  0.00000E+00  0.00000E+00  0.00000E+00  0.00000E+00  0.00000E+00  0.00000E+00  0.00000E+00  0.00000E+00  0.00000E+00  0.00000E+00  0.00000E+00  0.00000E+00  0.00000E+00  0.00000E+00  0.00000E+00
 OMEGA(4,2)    0.00000E+00  0.00000E+00  0.00000E+00  0.00000E+00  0.00000E+00  0.00000E+00  0.00000E+00  0.00000E+00  0.00000E+00  0.00000E+00  0.00000E+00  0.00000E+00  0.00000E+00  0.00000E+00  0.00000E+00  0.00000E+00  0.00000E+00  0.00000E+00  0.00000E+00  0.00000E+00  0.00000E+00  0.00000E+00  0.00000E+00  0.00000E+00  0.00000E+00
 OMEGA(4,3)    0.00000E+00  0.00000E+00  0.00000E+00  0.00000E+00  0.00000E+00  0.00000E+00  0.00000E+00  0.00000E+00  0.00000E+00  0.00000E+00  0.00000E+00  0.00000E+00  0.00000E+00  0.00000E+00  0.00000E+00  0.00000E+00  0.00000E+00  0.00000E+00  0.00000E+00  0.00000E+00  0.00000E+00  0.00000E+00  0.00000E+00  0.00000E+00  0.00000E+00
 OMEGA(4,4)   -1.21325E+02  6.33254E+01  7.12211E+01 -2.53339E+04  1.31675E+04 -3.83351E+03  3.78932E+03 -7.70408E+03  1.09820E+04 -6.12743E+03  0.00000E+00  0.00000E+00  0.00000E+00  1.73708E+04  0.00000E+00  0.00000E+00  0.00000E+00 -2.67237E+03 -1.80463E+03  0.00000E+00  0.00000E+00  0.00000E+00 -1.42564E+04 -1.59897E+02  3.26471E+03
 OMEGA(5,1)    0.00000E+00  0.00000E+00  0.00000E+00  0.00000E+00  0.00000E+00  0.00000E+00  0.00000E+00  0.00000E+00  0.00000E+00  0.00000E+00  0.00000E+00  0.00000E+00  0.00000E+00  0.00000E+00  0.00000E+00  0.00000E+00  0.00000E+00  0.00000E+00  0.00000E+00  0.00000E+00  0.00000E+00  0.00000E+00  0.00000E+00  0.00000E+00  0.00000E+00
 OMEGA(5,2)    0.00000E+00  0.00000E+00  0.00000E+00  0.00000E+00  0.00000E+00  0.00000E+00  0.00000E+00  0.00000E+00  0.00000E+00  0.00000E+00  0.00000E+00  0.00000E+00  0.00000E+00  0.00000E+00  0.00000E+00  0.00000E+00  0.00000E+00  0.00000E+00  0.00000E+00  0.00000E+00  0.00000E+00  0.00000E+00  0.00000E+00  0.00000E+00  0.00000E+00
 OMEGA(5,3)    0.00000E+00  0.00000E+00  0.00000E+00  0.00000E+00  0.00000E+00  0.00000E+00  0.00000E+00  0.00000E+00  0.00000E+00  0.00000E+00  0.00000E+00  0.00000E+00  0.00000E+00  0.00000E+00  0.00000E+00  0.00000E+00  0.00000E+00  0.00000E+00  0.00000E+00  0.00000E+00  0.00000E+00  0.00000E+00  0.00000E+00  0.00000E+00  0.00000E+00
 OMEGA(5,4)    1.78265E+02 -4.02586E+02 -4.82130E+02 -4.60889E+04 -1.14068E+04  3.11901E+03  3.78639E+03 -8.74743E+03 -9.47942E+03 -1.44599E+04  0.00000E+00  0.00000E+00  0.00000E+00 -2.67237E+03  0.00000E+00  0.00000E+00  0.00000E+00  3.01765E+04  4.04684E+03  0.00000E+00  0.00000E+00  0.00000E+00  4.18745E+03 -1.98176E+04 -3.15855E+03
 OMEGA(5,5)   -1.87673E+02 -5.78287E+01 -6.97271E+01 -7.08153E+04 -1.70224E+03  1.83212E+02 -8.11540E+02  9.79248E+03 -7.76861E+03 -4.13356E+03  0.00000E+00  0.00000E+00  0.00000E+00 -1.80463E+03  0.00000E+00  0.00000E+00  0.00000E+00  4.04684E+03  6.48688E+03  0.00000E+00  0.00000E+00  0.00000E+00 -1.25698E+02  1.91125E+03  1.17516E+03
 OMEGA(6,1)    0.00000E+00  0.00000E+00  0.00000E+00  0.00000E+00  0.00000E+00  0.00000E+00  0.00000E+00  0.00000E+00  0.00000E+00  0.00000E+00  0.00000E+00  0.00000E+00  0.00000E+00  0.00000E+00  0.00000E+00  0.00000E+00  0.00000E+00  0.00000E+00  0.00000E+00  0.00000E+00  0.00000E+00  0.00000E+00  0.00000E+00  0.00000E+00  0.00000E+00
 OMEGA(6,2)    0.00000E+00  0.00000E+00  0.00000E+00  0.00000E+00  0.00000E+00  0.00000E+00  0.00000E+00  0.00000E+00  0.00000E+00  0.00000E+00  0.00000E+00  0.00000E+00  0.00000E+00  0.00000E+00  0.00000E+00  0.00000E+00  0.00000E+00  0.00000E+00  0.00000E+00  0.00000E+00  0.00000E+00  0.00000E+00  0.00000E+00  0.00000E+00  0.00000E+00
 OMEGA(6,3)    0.00000E+00  0.00000E+00  0.00000E+00  0.00000E+00  0.00000E+00  0.00000E+00  0.00000E+00  0.00000E+00  0.00000E+00  0.00000E+00  0.00000E+00  0.00000E+00  0.00000E+00  0.00000E+00  0.00000E+00  0.00000E+00  0.00000E+00  0.00000E+00  0.00000E+00  0.00000E+00  0.00000E+00  0.00000E+00  0.00000E+00  0.00000E+00  0.00000E+00
 OMEGA(6,4)   -5.94657E+02 -5.64489E+02 -6.19345E+02 -1.35534E+05 -7.18558E+03 -1.37415E+04 -1.12724E+04 -5.25971E+03  4.00118E+03  1.43744E+04  0.00000E+00  0.00000E+00  0.00000E+00 -1.42564E+04  0.00000E+00  0.00000E+00  0.00000E+00  4.18745E+03 -1.25698E+02  0.00000E+00  0.00000E+00  0.00000E+00  3.18962E+04 -2.29145E+03 -1.32466E+04
 OMEGA(6,5)   -6.03062E+02  2.54964E+01  3.74048E+01 -1.09348E+04  6.99816E+03  2.65405E+03 -1.53592E+04  1.33984E+04  1.87689E+04  1.21519E+04  0.00000E+00  0.00000E+00  0.00000E+00 -1.59897E+02  0.00000E+00  0.00000E+00  0.00000E+00 -1.98176E+04  1.91125E+03  0.00000E+00  0.00000E+00  0.00000E+00 -2.29145E+03  2.71213E+04  5.52827E+03
 OMEGA(6,6)    1.86599E+02  1.74480E+02  1.95018E+02  7.37110E+04  7.49651E+02  1.04929E+04 -1.36676E+03  7.04800E+03  1.06654E+03 -2.71850E+03  0.00000E+00  0.00000E+00  0.00000E+00  3.26471E+03  0.00000E+00  0.00000E+00  0.00000E+00 -3.15855E+03  1.17516E+03  0.00000E+00  0.00000E+00  0.00000E+00 -1.32466E+04  5.52827E+03  8.18023E+03
TABLE NO.     2: Importance Sampling: Problem=1 Subproblem=0 Superproblem1=0 Iteration1=0 Superproblem2=0 Iteration2=0
 NAME         THETA1       THETA2       THETA3       SIGMA(1,1)   OMEGA(1,1)   OMEGA(2,1)   OMEGA(2,2)   OMEGA(3,1)   OMEGA(3,2)   OMEGA(3,3)   OMEGA(4,1)   OMEGA(4,2)   OMEGA(4,3)   OMEGA(4,4)   OMEGA(5,1)   OMEGA(5,2)   OMEGA(5,3)   OMEGA(5,4)   OMEGA(5,5)   OMEGA(6,1)   OMEGA(6,2)   OMEGA(6,3)   OMEGA(6,4)   OMEGA(6,5)   OMEGA(6,6)
 THETA1        3.26320E+04 -2.40350E+03 -4.23270E+03 -4.46488E+03  1.01305E+03  7.19108E+03 -3.96128E+02 -1.05177E+04  2.20649E+02  3.32140E+02  0.00000E+00  0.00000E+00  0.00000E+00 -1.38136E+02  0.00000E+00  0.00000E+00  0.00000E+00  1.27336E+02 -2.18435E+02  0.00000E+00  0.00000E+00  0.00000E+00 -6.25760E+02 -6.36831E+02  1.89875E+02
 THETA2       -2.40350E+03  7.91664E+04 -8.54533E+03 -5.00787E+04 -8.60746E+01  1.96878E+03 -2.83601E+03  3.76891E+02 -5.31714E+01 -2.44884E+02  0.00000E+00  0.00000E+00  0.00000E+00  4.86777E+01  0.00000E+00  0.00000E+00  0.00000E+00 -3.98994E+02 -5.46797E+01  0.00000E+00  0.00000E+00  0.00000E+00 -5.56431E+02  2.76246E+01  1.69752E+02
 THETA3       -4.23270E+03 -8.54533E+03  7.89549E+04 -5.68683E+04 -3.68067E+02 -2.78968E+02 -1.22129E+02  2.78714E+03 -1.20735E+03 -1.01694E+03  0.00000E+00  0.00000E+00  0.00000E+00  4.96807E+01  0.00000E+00  0.00000E+00  0.00000E+00 -4.78172E+02 -7.14202E+01  0.00000E+00  0.00000E+00  0.00000E+00 -6.11846E+02  3.23693E+01  1.89521E+02
 SIGMA(1,1)   -4.46488E+03 -5.00787E+04 -5.68683E+04  3.33622E+08  9.09517E+05  5.27838E+05  4.93472E+05  4.37783E+05  9.04291E+05  5.59183E+05  0.00000E+00  0.00000E+00  0.00000E+00 -2.21353E+04  0.00000E+00  0.00000E+00  0.00000E+00 -6.37090E+04 -7.18302E+04  0.00000E+00  0.00000E+00  0.00000E+00 -1.45238E+05 -9.21891E+03  7.63153E+04
 OMEGA(1,1)    1.01305E+03 -8.60746E+01 -3.68067E+02  9.09517E+05  1.34594E+06 -2.16860E+05  8.31837E+03 -3.31756E+05  2.48839E+04  1.97868E+04  0.00000E+00  0.00000E+00  0.00000E+00  1.31615E+04  0.00000E+00  0.00000E+00  0.00000E+00 -1.20901E+04 -1.71753E+03  0.00000E+00  0.00000E+00  0.00000E+00 -7.69154E+03  7.63919E+03  1.05953E+03
 OMEGA(2,1)    7.19108E+03  1.96878E+03 -2.78968E+02  5.27838E+05 -2.16860E+05  3.55012E+06 -2.65418E+05 -3.20459E+05 -4.11899E+05  4.49356E+04  0.00000E+00  0.00000E+00  0.00000E+00 -3.92830E+03  0.00000E+00  0.00000E+00  0.00000E+00  3.10862E+03  3.63595E+02  0.00000E+00  0.00000E+00  0.00000E+00 -1.37773E+04  2.06775E+03  1.03925E+04
 OMEGA(2,2)   -3.96128E+02 -2.83601E+03 -1.22129E+02  4.93472E+05  8.31837E+03 -2.65418E+05  3.90887E+06  2.43107E+04 -8.43566E+05  4.85719E+04  0.00000E+00  0.00000E+00  0.00000E+00  3.71366E+03  0.00000E+00  0.00000E+00  0.00000E+00  3.81551E+03 -6.58348E+02  0.00000E+00  0.00000E+00  0.00000E+00 -1.13155E+04 -1.52735E+04 -1.29241E+03
 OMEGA(3,1)   -1.05177E+04  3.76891E+02  2.78714E+03  4.37783E+05 -3.31756E+05 -3.20459E+05  2.43107E+04  2.87104E+06 -1.62037E+05 -3.39096E+05  0.00000E+00  0.00000E+00  0.00000E+00 -5.74307E+03  0.00000E+00  0.00000E+00  0.00000E+00 -9.80940E+03  8.85103E+03  0.00000E+00  0.00000E+00  0.00000E+00 -5.34693E+03  1.33120E+04  6.79842E+03
 OMEGA(3,2)    2.20649E+02 -5.31714E+01 -1.20735E+03  9.04291E+05  2.48839E+04 -4.11899E+05 -8.43566E+05 -1.62037E+05  7.90835E+06 -8.50789E+05  0.00000E+00  0.00000E+00  0.00000E+00  1.13462E+04  0.00000E+00  0.00000E+00  0.00000E+00 -9.54134E+03 -7.72681E+03  0.00000E+00  0.00000E+00  0.00000E+00  3.67967E+03  1.88443E+04  1.20567E+03
 OMEGA(3,3)    3.32140E+02 -2.44884E+02 -1.01694E+03  5.59183E+05  1.97868E+04  4.49356E+04  4.85719E+04 -3.39096E+05 -8.50789E+05  3.89574E+06  0.00000E+00  0.00000E+00  0.00000E+00 -5.76721E+03  0.00000E+00  0.00000E+00  0.00000E+00 -1.47011E+04 -4.19266E+03  0.00000E+00  0.00000E+00  0.00000E+00  1.42077E+04  1.22505E+04 -2.66927E+03
 OMEGA(4,1)    0.00000E+00  0.00000E+00  0.00000E+00  0.00000E+00  0.00000E+00  0.00000E+00  0.00000E+00  0.00000E+00  0.00000E+00  0.00000E+00  0.00000E+00  0.00000E+00  0.00000E+00  0.00000E+00  0.00000E+00  0.00000E+00  0.00000E+00  0.00000E+00  0.00000E+00  0.00000E+00  0.00000E+00  0.00000E+00  0.00000E+00  0.00000E+00  0.00000E+00
 OMEGA(4,2)    0.00000E+00  0.00000E+00  0.00000E+00  0.00000E+00  0.00000E+00  0.00000E+00  0.00000E+00  0.00000E+00  0.00000E+00  0.00000E+00  0.00000E+00  0.00000E+00  0.00000E+00  0.00000E+00  0.00000E+00  0.00000E+00  0.00000E+00  0.00000E+00  0.00000E+00  0.00000E+00  0.00000E+00  0.00000E+00  0.00000E+00  0.00000E+00  0.00000E+00
 OMEGA(4,3)    0.00000E+00  0.00000E+00  0.00000E+00  0.00000E+00  0.00000E+00  0.00000E+00  0.00000E+00  0.00000E+00  0.00000E+00  0.00000E+00  0.00000E+00  0.00000E+00  0.00000E+00  0.00000E+00  0.00000E+00  0.00000E+00  0.00000E+00  0.00000E+00  0.00000E+00  0.00000E+00  0.00000E+00  0.00000E+00  0.00000E+00  0.00000E+00  0.00000E+00
 OMEGA(4,4)   -1.38136E+02  4.86777E+01  4.96807E+01 -2.21353E+04  1.31615E+04 -3.92830E+03  3.71366E+03 -5.74307E+03  1.13462E+04 -5.76721E+03  0.00000E+00  0.00000E+00  0.00000E+00  1.74850E+04  0.00000E+00  0.00000E+00  0.00000E+00 -2.86866E+03 -1.81179E+03  0.00000E+00  0.00000E+00  0.00000E+00 -1.43500E+04 -2.00110E+01  3.28645E+03
 OMEGA(5,1)    0.00000E+00  0.00000E+00  0.00000E+00  0.00000E+00  0.00000E+00  0.00000E+00  0.00000E+00  0.00000E+00  0.00000E+00  0.00000E+00  0.00000E+00  0.00000E+00  0.00000E+00  0.00000E+00  0.00000E+00  0.00000E+00  0.00000E+00  0.00000E+00  0.00000E+00  0.00000E+00  0.00000E+00  0.00000E+00  0.00000E+00  0.00000E+00  0.00000E+00
 OMEGA(5,2)    0.00000E+00  0.00000E+00  0.00000E+00  0.00000E+00  0.00000E+00  0.00000E+00  0.00000E+00  0.00000E+00  0.00000E+00  0.00000E+00  0.00000E+00  0.00000E+00  0.00000E+00  0.00000E+00  0.00000E+00  0.00000E+00  0.00000E+00  0.00000E+00  0.00000E+00  0.00000E+00  0.00000E+00  0.00000E+00  0.00000E+00  0.00000E+00  0.00000E+00
 OMEGA(5,3)    0.00000E+00  0.00000E+00  0.00000E+00  0.00000E+00  0.00000E+00  0.00000E+00  0.00000E+00  0.00000E+00  0.00000E+00  0.00000E+00  0.00000E+00  0.00000E+00  0.00000E+00  0.00000E+00  0.00000E+00  0.00000E+00  0.00000E+00  0.00000E+00  0.00000E+00  0.00000E+00  0.00000E+00  0.00000E+00  0.00000E+00  0.00000E+00  0.00000E+00
 OMEGA(5,4)    1.27336E+02 -3.98994E+02 -4.78172E+02 -6.37090E+04 -1.20901E+04  3.10862E+03  3.81551E+03 -9.80940E+03 -9.54134E+03 -1.47011E+04  0.00000E+00  0.00000E+00  0.00000E+00 -2.86866E+03  0.00000E+00  0.00000E+00  0.00000E+00  3.03608E+04  4.01677E+03  0.00000E+00  0.00000E+00  0.00000E+00  4.50299E+03 -1.99288E+04 -3.28976E+03
 OMEGA(5,5)   -2.18435E+02 -5.46797E+01 -7.14202E+01 -7.18302E+04 -1.71753E+03  3.63595E+02 -6.58348E+02  8.85103E+03 -7.72681E+03 -4.19266E+03  0.00000E+00  0.00000E+00  0.00000E+00 -1.81179E+03  0.00000E+00  0.00000E+00  0.00000E+00  4.01677E+03  6.48521E+03  0.00000E+00  0.00000E+00  0.00000E+00 -1.22698E+02  1.94027E+03  1.17882E+03
 OMEGA(6,1)    0.00000E+00  0.00000E+00  0.00000E+00  0.00000E+00  0.00000E+00  0.00000E+00  0.00000E+00  0.00000E+00  0.00000E+00  0.00000E+00  0.00000E+00  0.00000E+00  0.00000E+00  0.00000E+00  0.00000E+00  0.00000E+00  0.00000E+00  0.00000E+00  0.00000E+00  0.00000E+00  0.00000E+00  0.00000E+00  0.00000E+00  0.00000E+00  0.00000E+00
 OMEGA(6,2)    0.00000E+00  0.00000E+00  0.00000E+00  0.00000E+00  0.00000E+00  0.00000E+00  0.00000E+00  0.00000E+00  0.00000E+00  0.00000E+00  0.00000E+00  0.00000E+00  0.00000E+00  0.00000E+00  0.00000E+00  0.00000E+00  0.00000E+00  0.00000E+00  0.00000E+00  0.00000E+00  0.00000E+00  0.00000E+00  0.00000E+00  0.00000E+00  0.00000E+00
 OMEGA(6,3)    0.00000E+00  0.00000E+00  0.00000E+00  0.00000E+00  0.00000E+00  0.00000E+00  0.00000E+00  0.00000E+00  0.00000E+00  0.00000E+00  0.00000E+00  0.00000E+00  0.00000E+00  0.00000E+00  0.00000E+00  0.00000E+00  0.00000E+00  0.00000E+00  0.00000E+00  0.00000E+00  0.00000E+00  0.00000E+00  0.00000E+00  0.00000E+00  0.00000E+00
 OMEGA(6,4)   -6.25760E+02 -5.56431E+02 -6.11846E+02 -1.45238E+05 -7.69154E+03 -1.37773E+04 -1.13155E+04 -5.34693E+03  3.67967E+03  1.42077E+04  0.00000E+00  0.00000E+00  0.00000E+00 -1.43500E+04  0.00000E+00  0.00000E+00  0.00000E+00  4.50299E+03 -1.22698E+02  0.00000E+00  0.00000E+00  0.00000E+00  3.20676E+04 -2.59476E+03 -1.33460E+04
 OMEGA(6,5)   -6.36831E+02  2.76246E+01  3.23693E+01 -9.21891E+03  7.63919E+03  2.06775E+03 -1.52735E+04  1.33120E+04  1.88443E+04  1.22505E+04  0.00000E+00  0.00000E+00  0.00000E+00 -2.00110E+01  0.00000E+00  0.00000E+00  0.00000E+00 -1.99288E+04  1.94027E+03  0.00000E+00  0.00000E+00  0.00000E+00 -2.59476E+03  2.71905E+04  5.66169E+03
 OMEGA(6,6)    1.89875E+02  1.69752E+02  1.89521E+02  7.63153E+04  1.05953E+03  1.03925E+04 -1.29241E+03  6.79842E+03  1.20567E+03 -2.66927E+03  0.00000E+00  0.00000E+00  0.00000E+00  3.28645E+03  0.00000E+00  0.00000E+00  0.00000E+00 -3.28976E+03  1.17882E+03  0.00000E+00  0.00000E+00  0.00000E+00 -1.33460E+04  5.66169E+03  8.24330E+03
TABLE NO.     3: Stochastic Approximation Expectation-Maximization: Problem=1 Subproblem=0 Superproblem1=0 Iteration1=0 Superproblem2=0 Iteration2=0
 NAME         THETA1       THETA2       THETA3       SIGMA(1,1)   OMEGA(1,1)   OMEGA(2,1)   OMEGA(2,2)   OMEGA(3,1)   OMEGA(3,2)   OMEGA(3,3)   OMEGA(4,1)   OMEGA(4,2)   OMEGA(4,3)   OMEGA(4,4)   OMEGA(5,1)   OMEGA(5,2)   OMEGA(5,3)   OMEGA(5,4)   OMEGA(5,5)   OMEGA(6,1)   OMEGA(6,2)   OMEGA(6,3)   OMEGA(6,4)   OMEGA(6,5)   OMEGA(6,6)
 THETA1        3.53859E+04 -2.90021E+03 -3.53850E+03 -6.95266E+03  2.67716E+04 -2.14791E+03 -2.26453E+03 -4.98377E+04  7.42565E+03 -2.79835E+02  0.00000E+00  0.00000E+00  0.00000E+00  7.88862E+01  0.00000E+00  0.00000E+00  0.00000E+00  5.29257E+02 -6.33413E+02  0.00000E+00  0.00000E+00  0.00000E+00 -1.57282E+02 -9.19868E+02  3.88561E+01
 THETA2       -2.90021E+03  7.78387E+04 -8.06263E+03 -6.83985E+04 -1.76773E+03 -3.88883E+03 -8.18277E+04  7.46074E+03  5.35812E+04 -2.46460E+04  0.00000E+00  0.00000E+00  0.00000E+00  3.76393E+01  0.00000E+00  0.00000E+00  0.00000E+00 -3.50150E+02 -2.04994E+01  0.00000E+00  0.00000E+00  0.00000E+00 -5.85319E+02  1.86976E+02  2.59608E+02
 THETA3       -3.53850E+03 -8.06263E+03  7.78351E+04 -1.25149E+05 -1.22819E+04  8.14313E+03  2.70150E+04  8.45031E+02 -4.80092E+04  3.16154E+03  0.00000E+00  0.00000E+00  0.00000E+00  6.23129E+01  0.00000E+00  0.00000E+00  0.00000E+00 -4.28740E+02 -2.91977E+01  0.00000E+00  0.00000E+00  0.00000E+00 -6.78694E+02  2.17315E+02  2.96889E+02
 SIGMA(1,1)   -6.95266E+03 -6.83985E+04 -1.25149E+05  3.39976E+08  1.28002E+06 -6.85607E+05  1.67074E+06  1.49732E+06  2.48769E+06  1.90168E+06  0.00000E+00  0.00000E+00  0.00000E+00 -2.53773E+04  0.00000E+00  0.00000E+00  0.00000E+00 -6.30457E+04 -7.21273E+04  0.00000E+00  0.00000E+00  0.00000E+00 -1.32566E+05  1.46188E+04  8.29263E+04
 OMEGA(1,1)    2.67716E+04 -1.76773E+03 -1.22819E+04  1.28002E+06  1.30555E+06 -1.19194E+05  4.64861E+04 -8.45385E+04  3.61202E+04 -1.27190E+05  0.00000E+00  0.00000E+00  0.00000E+00  1.06871E+04  0.00000E+00  0.00000E+00  0.00000E+00 -1.17210E+04  7.14038E+01  0.00000E+00  0.00000E+00  0.00000E+00 -3.72666E+03  6.44352E+03 -1.52593E+03
 OMEGA(2,1)   -2.14791E+03 -3.88883E+03  8.14313E+03 -6.85607E+05 -1.19194E+05  3.93269E+06 -2.48675E+05 -2.76663E+05 -3.15747E+05 -1.73078E+04  0.00000E+00  0.00000E+00  0.00000E+00 -1.34569E+03  0.00000E+00  0.00000E+00  0.00000E+00 -3.39910E+03 -4.64999E+03  0.00000E+00  0.00000E+00  0.00000E+00 -1.24851E+04  3.08974E+03  8.91763E+03
 OMEGA(2,2)   -2.26453E+03 -8.18277E+04  2.70150E+04  1.67074E+06  4.64861E+04 -2.48675E+05  3.97734E+06  4.71622E+04 -1.03854E+06 -8.44502E+04  0.00000E+00  0.00000E+00  0.00000E+00  3.87199E+03  0.00000E+00  0.00000E+00  0.00000E+00  2.96005E+03 -8.94567E+02  0.00000E+00  0.00000E+00  0.00000E+00 -1.11272E+04 -1.46074E+04 -1.28519E+03
 OMEGA(3,1)   -4.98377E+04  7.46074E+03  8.45031E+02  1.49732E+06 -8.45385E+04 -2.76663E+05  4.71622E+04  2.84017E+06 -3.09507E+05 -5.59638E+05  0.00000E+00  0.00000E+00  0.00000E+00 -9.64468E+03  0.00000E+00  0.00000E+00  0.00000E+00 -9.69402E+03  7.49918E+03  0.00000E+00  0.00000E+00  0.00000E+00  4.47448E+01  5.77470E+03  2.03401E+03
 OMEGA(3,2)    7.42565E+03  5.35812E+04 -4.80092E+04  2.48769E+06  3.61202E+04 -3.15747E+05 -1.03854E+06 -3.09507E+05  7.47758E+06 -4.06344E+05  0.00000E+00  0.00000E+00  0.00000E+00  1.14009E+04  0.00000E+00  0.00000E+00  0.00000E+00 -8.93561E+03 -8.36507E+03  0.00000E+00  0.00000E+00  0.00000E+00  3.03691E+03  1.82471E+04  1.42993E+03
 OMEGA(3,3)   -2.79835E+02 -2.46460E+04  3.16154E+03  1.90168E+06 -1.27190E+05 -1.73078E+04 -8.44502E+04 -5.59638E+05 -4.06344E+05  3.96916E+06  0.00000E+00  0.00000E+00  0.00000E+00 -5.16978E+03  0.00000E+00  0.00000E+00  0.00000E+00 -1.24189E+04 -3.94259E+03  0.00000E+00  0.00000E+00  0.00000E+00  1.34072E+04  1.08615E+04 -2.62584E+03
 OMEGA(4,1)    0.00000E+00  0.00000E+00  0.00000E+00  0.00000E+00  0.00000E+00  0.00000E+00  0.00000E+00  0.00000E+00  0.00000E+00  0.00000E+00  0.00000E+00  0.00000E+00  0.00000E+00  0.00000E+00  0.00000E+00  0.00000E+00  0.00000E+00  0.00000E+00  0.00000E+00  0.00000E+00  0.00000E+00  0.00000E+00  0.00000E+00  0.00000E+00  0.00000E+00
 OMEGA(4,2)    0.00000E+00  0.00000E+00  0.00000E+00  0.00000E+00  0.00000E+00  0.00000E+00  0.00000E+00  0.00000E+00  0.00000E+00  0.00000E+00  0.00000E+00  0.00000E+00  0.00000E+00  0.00000E+00  0.00000E+00  0.00000E+00  0.00000E+00  0.00000E+00  0.00000E+00  0.00000E+00  0.00000E+00  0.00000E+00  0.00000E+00  0.00000E+00  0.00000E+00
 OMEGA(4,3)    0.00000E+00  0.00000E+00  0.00000E+00  0.00000E+00  0.00000E+00  0.00000E+00  0.00000E+00  0.00000E+00  0.00000E+00  0.00000E+00  0.00000E+00  0.00000E+00  0.00000E+00  0.00000E+00  0.00000E+00  0.00000E+00  0.00000E+00  0.00000E+00  0.00000E+00  0.00000E+00  0.00000E+00  0.00000E+00  0.00000E+00  0.00000E+00  0.00000E+00
 OMEGA(4,4)    7.88862E+01  3.76393E+01  6.23129E+01 -2.53773E+04  1.06871E+04 -1.34569E+03  3.87199E+03 -9.64468E+03  1.14009E+04 -5.16978E+03  0.00000E+00  0.00000E+00  0.00000E+00  1.65331E+04  0.00000E+00  0.00000E+00  0.00000E+00 -2.99926E+03 -1.83154E+03  0.00000E+00  0.00000E+00  0.00000E+00 -1.32298E+04  5.40951E+01  2.92885E+03
 OMEGA(5,1)    0.00000E+00  0.00000E+00  0.00000E+00  0.00000E+00  0.00000E+00  0.00000E+00  0.00000E+00  0.00000E+00  0.00000E+00  0.00000E+00  0.00000E+00  0.00000E+00  0.00000E+00  0.00000E+00  0.00000E+00  0.00000E+00  0.00000E+00  0.00000E+00  0.00000E+00  0.00000E+00  0.00000E+00  0.00000E+00  0.00000E+00  0.00000E+00  0.00000E+00
 OMEGA(5,2)    0.00000E+00  0.00000E+00  0.00000E+00  0.00000E+00  0.00000E+00  0.00000E+00  0.00000E+00  0.00000E+00  0.00000E+00  0.00000E+00  0.00000E+00  0.00000E+00  0.00000E+00  0.00000E+00  0.00000E+00  0.00000E+00  0.00000E+00  0.00000E+00  0.00000E+00  0.00000E+00  0.00000E+00  0.00000E+00  0.00000E+00  0.00000E+00  0.00000E+00
 OMEGA(5,3)    0.00000E+00  0.00000E+00  0.00000E+00  0.00000E+00  0.00000E+00  0.00000E+00  0.00000E+00  0.00000E+00  0.00000E+00  0.00000E+00  0.00000E+00  0.00000E+00  0.00000E+00  0.00000E+00  0.00000E+00  0.00000E+00  0.00000E+00  0.00000E+00  0.00000E+00  0.00000E+00  0.00000E+00  0.00000E+00  0.00000E+00  0.00000E+00  0.00000E+00
 OMEGA(5,4)    5.29257E+02 -3.50150E+02 -4.28740E+02 -6.30457E+04 -1.17210E+04 -3.39910E+03  2.96005E+03 -9.69402E+03 -8.93561E+03 -1.24189E+04  0.00000E+00  0.00000E+00  0.00000E+00 -2.99926E+03  0.00000E+00  0.00000E+00  0.00000E+00  2.92953E+04  4.07836E+03  0.00000E+00  0.00000E+00  0.00000E+00  4.46307E+03 -1.92988E+04 -3.22235E+03
 OMEGA(5,5)   -6.33413E+02 -2.04994E+01 -2.91977E+01 -7.21273E+04  7.14038E+01 -4.64999E+03 -8.94567E+02  7.49918E+03 -8.36507E+03 -3.94259E+03  0.00000E+00  0.00000E+00  0.00000E+00 -1.83154E+03  0.00000E+00  0.00000E+00  0.00000E+00  4.07836E+03  6.49067E+03  0.00000E+00  0.00000E+00  0.00000E+00 -2.55451E+01  1.82956E+03  1.10224E+03
 OMEGA(6,1)    0.00000E+00  0.00000E+00  0.00000E+00  0.00000E+00  0.00000E+00  0.00000E+00  0.00000E+00  0.00000E+00  0.00000E+00  0.00000E+00  0.00000E+00  0.00000E+00  0.00000E+00  0.00000E+00  0.00000E+00  0.00000E+00  0.00000E+00  0.00000E+00  0.00000E+00  0.00000E+00  0.00000E+00  0.00000E+00  0.00000E+00  0.00000E+00  0.00000E+00
 OMEGA(6,2)    0.00000E+00  0.00000E+00  0.00000E+00  0.00000E+00  0.00000E+00  0.00000E+00  0.00000E+00  0.00000E+00  0.00000E+00  0.00000E+00  0.00000E+00  0.00000E+00  0.00000E+00  0.00000E+00  0.00000E+00  0.00000E+00  0.00000E+00  0.00000E+00  0.00000E+00  0.00000E+00  0.00000E+00  0.00000E+00  0.00000E+00  0.00000E+00  0.00000E+00
 OMEGA(6,3)    0.00000E+00  0.00000E+00  0.00000E+00  0.00000E+00  0.00000E+00  0.00000E+00  0.00000E+00  0.00000E+00  0.00000E+00  0.00000E+00  0.00000E+00  0.00000E+00  0.00000E+00  0.00000E+00  0.00000E+00  0.00000E+00  0.00000E+00  0.00000E+00  0.00000E+00  0.00000E+00  0.00000E+00  0.00000E+00  0.00000E+00  0.00000E+00  0.00000E+00
 OMEGA(6,4)   -1.57282E+02 -5.85319E+02 -6.78694E+02 -1.32566E+05 -3.72666E+03 -1.24851E+04 -1.11272E+04  4.47448E+01  3.03691E+03  1.34072E+04  0.00000E+00  0.00000E+00  0.00000E+00 -1.32298E+04  0.00000E+00  0.00000E+00  0.00000E+00  4.46307E+03 -2.55451E+01  0.00000E+00  0.00000E+00  0.00000E+00  3.01623E+04 -2.55073E+03 -1.26812E+04
 OMEGA(6,5)   -9.19868E+02  1.86976E+02  2.17315E+02  1.46188E+04  6.44352E+03  3.08974E+03 -1.46074E+04  5.77470E+03  1.82471E+04  1.08615E+04  0.00000E+00  0.00000E+00  0.00000E+00  5.40951E+01  0.00000E+00  0.00000E+00  0.00000E+00 -1.92988E+04  1.82956E+03  0.00000E+00  0.00000E+00  0.00000E+00 -2.55073E+03  2.66216E+04  5.53960E+03
 OMEGA(6,6)    3.88561E+01  2.59608E+02  2.96889E+02  8.29263E+04 -1.52593E+03  8.91763E+03 -1.28519E+03  2.03401E+03  1.42993E+03 -2.62584E+03  0.00000E+00  0.00000E+00  0.00000E+00  2.92885E+03  0.00000E+00  0.00000E+00  0.00000E+00 -3.22235E+03  1.10224E+03  0.00000E+00  0.00000E+00  0.00000E+00 -1.26812E+04  5.53960E+03  7.99059E+03
TABLE NO.     4: Objective Function Evaluation by Importance Sampling: Problem=1 Subproblem=0 Superproblem1=0 Iteration1=0 Superproblem2=0 Iteration2=0
 NAME         THETA1       THETA2       THETA3       SIGMA(1,1)   OMEGA(1,1)   OMEGA(2,1)   OMEGA(2,2)   OMEGA(3,1)   OMEGA(3,2)   OMEGA(3,3)   OMEGA(4,1)   OMEGA(4,2)   OMEGA(4,3)   OMEGA(4,4)   OMEGA(5,1)   OMEGA(5,2)   OMEGA(5,3)   OMEGA(5,4)   OMEGA(5,5)   OMEGA(6,1)   OMEGA(6,2)   OMEGA(6,3)   OMEGA(6,4)   OMEGA(6,5)   OMEGA(6,6)
 THETA1        3.13450E+04 -2.95202E+03 -3.62422E+03  1.07590E+04  4.45170E+03  5.84350E+03 -4.45592E+02 -1.33779E+04  2.93877E+02  1.23067E+02  0.00000E+00  0.00000E+00  0.00000E+00 -7.73610E+01  0.00000E+00  0.00000E+00  0.00000E+00  1.40515E+02 -1.85575E+02  0.00000E+00  0.00000E+00  0.00000E+00 -5.04648E+02 -5.02073E+02  1.52727E+02
 THETA2       -2.95202E+03  7.91102E+04 -8.60003E+03 -5.08925E+04 -5.60095E+02  6.94170E+03 -1.89430E+03 -1.30391E+02  1.24358E+03 -1.82277E+02  0.00000E+00  0.00000E+00  0.00000E+00  7.37902E+01  0.00000E+00  0.00000E+00  0.00000E+00 -3.87400E+02 -5.24645E+01  0.00000E+00  0.00000E+00  0.00000E+00 -5.13619E+02  2.58618E+01  1.52401E+02
 THETA3       -3.62422E+03 -8.60003E+03  7.89774E+04 -5.78129E+04 -9.33100E+02 -7.30691E+02 -2.01906E+02  7.51941E+03 -2.66043E+02  4.64716E+02  0.00000E+00  0.00000E+00  0.00000E+00  8.70354E+01  0.00000E+00  0.00000E+00  0.00000E+00 -4.59581E+02 -7.71452E+01  0.00000E+00  0.00000E+00  0.00000E+00 -5.88968E+02  1.66205E+01  1.77559E+02
 SIGMA(1,1)    1.07590E+04 -5.08925E+04 -5.78129E+04  3.37422E+08  5.68559E+05  4.28662E+05  2.13846E+05  4.98018E+05  9.30247E+05  3.58461E+05  0.00000E+00  0.00000E+00  0.00000E+00 -3.55845E+04  0.00000E+00  0.00000E+00  0.00000E+00 -6.42053E+04 -8.32568E+04  0.00000E+00  0.00000E+00  0.00000E+00 -1.31662E+05 -5.81099E+03  6.65040E+04
 OMEGA(1,1)    4.45170E+03 -5.60095E+02 -9.33100E+02  5.68559E+05  1.14727E+06 -2.63986E+05  1.47077E+04 -2.51290E+05  2.62993E+04  1.38853E+04  0.00000E+00  0.00000E+00  0.00000E+00  1.15708E+04  0.00000E+00  0.00000E+00  0.00000E+00 -1.05648E+04 -1.68075E+03  0.00000E+00  0.00000E+00  0.00000E+00 -6.66071E+03  6.08377E+03  7.19895E+02
 OMEGA(2,1)    5.84350E+03  6.94170E+03 -7.30691E+02  4.28662E+05 -2.63986E+05  3.28560E+06 -3.71661E+05 -2.90425E+05 -2.87543E+05  3.63155E+04  0.00000E+00  0.00000E+00  0.00000E+00 -3.67235E+03  0.00000E+00  0.00000E+00  0.00000E+00  3.00816E+03 -1.84462E+02  0.00000E+00  0.00000E+00  0.00000E+00 -1.27926E+04  3.17066E+03  1.01026E+04
 OMEGA(2,2)   -4.45592E+02 -1.89430E+03 -2.01906E+02  2.13846E+05  1.47077E+04 -3.71661E+05  3.90368E+06  3.69039E+04 -8.51848E+05  5.00757E+04  0.00000E+00  0.00000E+00  0.00000E+00  3.70750E+03  0.00000E+00  0.00000E+00  0.00000E+00  3.97574E+03 -6.77812E+02  0.00000E+00  0.00000E+00  0.00000E+00 -1.07090E+04 -1.52580E+04 -1.54090E+03
 OMEGA(3,1)   -1.33779E+04 -1.30391E+02  7.51941E+03  4.98018E+05 -2.51290E+05 -2.90425E+05  3.69039E+04  2.63020E+06 -2.65830E+05 -2.56921E+05  0.00000E+00  0.00000E+00  0.00000E+00 -6.18628E+03  0.00000E+00  0.00000E+00  0.00000E+00 -7.89345E+03  9.59259E+03  0.00000E+00  0.00000E+00  0.00000E+00 -4.54598E+03  1.22464E+04  6.23183E+03
 OMEGA(3,2)    2.93877E+02  1.24358E+03 -2.66043E+02  9.30247E+05  2.62993E+04 -2.87543E+05 -8.51848E+05 -2.65830E+05  7.90266E+06 -8.63486E+05  0.00000E+00  0.00000E+00  0.00000E+00  1.04224E+04  0.00000E+00  0.00000E+00  0.00000E+00 -8.68556E+03 -7.83437E+03  0.00000E+00  0.00000E+00  0.00000E+00  3.88251E+03  1.83684E+04  1.29802E+03
 OMEGA(3,3)    1.23067E+02 -1.82277E+02  4.64716E+02  3.58461E+05  1.38853E+04  3.63155E+04  5.00757E+04 -2.56921E+05 -8.63486E+05  3.89373E+06  0.00000E+00  0.00000E+00  0.00000E+00 -6.32585E+03  0.00000E+00  0.00000E+00  0.00000E+00 -1.41552E+04 -3.90418E+03  0.00000E+00  0.00000E+00  0.00000E+00  1.41074E+04  1.22361E+04 -2.45287E+03
 OMEGA(4,1)    0.00000E+00  0.00000E+00  0.00000E+00  0.00000E+00  0.00000E+00  0.00000E+00  0.00000E+00  0.00000E+00  0.00000E+00  0.00000E+00  0.00000E+00  0.00000E+00  0.00000E+00  0.00000E+00  0.00000E+00  0.00000E+00  0.00000E+00  0.00000E+00  0.00000E+00  0.00000E+00  0.00000E+00  0.00000E+00  0.00000E+00  0.00000E+00  0.00000E+00
 OMEGA(4,2)    0.00000E+00  0.00000E+00  0.00000E+00  0.00000E+00  0.00000E+00  0.00000E+00  0.00000E+00  0.00000E+00  0.00000E+00  0.00000E+00  0.00000E+00  0.00000E+00  0.00000E+00  0.00000E+00  0.00000E+00  0.00000E+00  0.00000E+00  0.00000E+00  0.00000E+00  0.00000E+00  0.00000E+00  0.00000E+00  0.00000E+00  0.00000E+00  0.00000E+00
 OMEGA(4,3)    0.00000E+00  0.00000E+00  0.00000E+00  0.00000E+00  0.00000E+00  0.00000E+00  0.00000E+00  0.00000E+00  0.00000E+00  0.00000E+00  0.00000E+00  0.00000E+00  0.00000E+00  0.00000E+00  0.00000E+00  0.00000E+00  0.00000E+00  0.00000E+00  0.00000E+00  0.00000E+00  0.00000E+00  0.00000E+00  0.00000E+00  0.00000E+00  0.00000E+00
 OMEGA(4,4)   -7.73610E+01  7.37902E+01  8.70354E+01 -3.55845E+04  1.15708E+04 -3.67235E+03  3.70750E+03 -6.18628E+03  1.04224E+04 -6.32585E+03  0.00000E+00  0.00000E+00  0.00000E+00  1.62878E+04  0.00000E+00  0.00000E+00  0.00000E+00 -2.75751E+03 -1.72239E+03  0.00000E+00  0.00000E+00  0.00000E+00 -1.35275E+04 -2.99611E+01  3.16037E+03
 OMEGA(5,1)    0.00000E+00  0.00000E+00  0.00000E+00  0.00000E+00  0.00000E+00  0.00000E+00  0.00000E+00  0.00000E+00  0.00000E+00  0.00000E+00  0.00000E+00  0.00000E+00  0.00000E+00  0.00000E+00  0.00000E+00  0.00000E+00  0.00000E+00  0.00000E+00  0.00000E+00  0.00000E+00  0.00000E+00  0.00000E+00  0.00000E+00  0.00000E+00  0.00000E+00
 OMEGA(5,2)    0.00000E+00  0.00000E+00  0.00000E+00  0.00000E+00  0.00000E+00  0.00000E+00  0.00000E+00  0.00000E+00  0.00000E+00  0.00000E+00  0.00000E+00  0.00000E+00  0.00000E+00  0.00000E+00  0.00000E+00  0.00000E+00  0.00000E+00  0.00000E+00  0.00000E+00  0.00000E+00  0.00000E+00  0.00000E+00  0.00000E+00  0.00000E+00  0.00000E+00
 OMEGA(5,3)    0.00000E+00  0.00000E+00  0.00000E+00  0.00000E+00  0.00000E+00  0.00000E+00  0.00000E+00  0.00000E+00  0.00000E+00  0.00000E+00  0.00000E+00  0.00000E+00  0.00000E+00  0.00000E+00  0.00000E+00  0.00000E+00  0.00000E+00  0.00000E+00  0.00000E+00  0.00000E+00  0.00000E+00  0.00000E+00  0.00000E+00  0.00000E+00  0.00000E+00
 OMEGA(5,4)    1.40515E+02 -3.87400E+02 -4.59581E+02 -6.42053E+04 -1.05648E+04  3.00816E+03  3.97574E+03 -7.89345E+03 -8.68556E+03 -1.41552E+04  0.00000E+00  0.00000E+00  0.00000E+00 -2.75751E+03  0.00000E+00  0.00000E+00  0.00000E+00  2.91153E+04  3.84036E+03  0.00000E+00  0.00000E+00  0.00000E+00  4.14789E+03 -1.93497E+04 -3.10064E+03
 OMEGA(5,5)   -1.85575E+02 -5.24645E+01 -7.71452E+01 -8.32568E+04 -1.68075E+03 -1.84462E+02 -6.77812E+02  9.59259E+03 -7.83437E+03 -3.90418E+03  0.00000E+00  0.00000E+00  0.00000E+00 -1.72239E+03  0.00000E+00  0.00000E+00  0.00000E+00  3.84036E+03  6.35527E+03  0.00000E+00  0.00000E+00  0.00000E+00 -1.77637E+02  1.88232E+03  1.16181E+03
 OMEGA(6,1)    0.00000E+00  0.00000E+00  0.00000E+00  0.00000E+00  0.00000E+00  0.00000E+00  0.00000E+00  0.00000E+00  0.00000E+00  0.00000E+00  0.00000E+00  0.00000E+00  0.00000E+00  0.00000E+00  0.00000E+00  0.00000E+00  0.00000E+00  0.00000E+00  0.00000E+00  0.00000E+00  0.00000E+00  0.00000E+00  0.00000E+00  0.00000E+00  0.00000E+00
 OMEGA(6,2)    0.00000E+00  0.00000E+00  0.00000E+00  0.00000E+00  0.00000E+00  0.00000E+00  0.00000E+00  0.00000E+00  0.00000E+00  0.00000E+00  0.00000E+00  0.00000E+00  0.00000E+00  0.00000E+00  0.00000E+00  0.00000E+00  0.00000E+00  0.00000E+00  0.00000E+00  0.00000E+00  0.00000E+00  0.00000E+00  0.00000E+00  0.00000E+00  0.00000E+00
 OMEGA(6,3)    0.00000E+00  0.00000E+00  0.00000E+00  0.00000E+00  0.00000E+00  0.00000E+00  0.00000E+00  0.00000E+00  0.00000E+00  0.00000E+00  0.00000E+00  0.00000E+00  0.00000E+00  0.00000E+00  0.00000E+00  0.00000E+00  0.00000E+00  0.00000E+00  0.00000E+00  0.00000E+00  0.00000E+00  0.00000E+00  0.00000E+00  0.00000E+00  0.00000E+00
 OMEGA(6,4)   -5.04648E+02 -5.13619E+02 -5.88968E+02 -1.31662E+05 -6.66071E+03 -1.27926E+04 -1.07090E+04 -4.54598E+03  3.88251E+03  1.41074E+04  0.00000E+00  0.00000E+00  0.00000E+00 -1.35275E+04  0.00000E+00  0.00000E+00  0.00000E+00  4.14789E+03 -1.77637E+02  0.00000E+00  0.00000E+00  0.00000E+00  3.07576E+04 -2.42798E+03 -1.29167E+04
 OMEGA(6,5)   -5.02073E+02  2.58618E+01  1.66205E+01 -5.81099E+03  6.08377E+03  3.17066E+03 -1.52580E+04  1.22464E+04  1.83684E+04  1.22361E+04  0.00000E+00  0.00000E+00  0.00000E+00 -2.99611E+01  0.00000E+00  0.00000E+00  0.00000E+00 -1.93497E+04  1.88232E+03  0.00000E+00  0.00000E+00  0.00000E+00 -2.42798E+03  2.66918E+04  5.48115E+03
 OMEGA(6,6)    1.52727E+02  1.52401E+02  1.77559E+02  6.65040E+04  7.19895E+02  1.01026E+04 -1.54090E+03  6.23183E+03  1.29802E+03 -2.45287E+03  0.00000E+00  0.00000E+00  0.00000E+00  3.16037E+03  0.00000E+00  0.00000E+00  0.00000E+00 -3.10064E+03  1.16181E+03  0.00000E+00  0.00000E+00  0.00000E+00 -1.29167E+04  5.48115E+03  8.03796E+03
TABLE NO.     5: MCMC Bayesian Analysis: Problem=1 Subproblem=0 Superproblem1=0 Iteration1=0 Superproblem2=0 Iteration2=0
 NAME         THETA1       THETA2       THETA3       SIGMA(1,1)   OMEGA(1,1)   OMEGA(2,1)   OMEGA(2,2)   OMEGA(3,1)   OMEGA(3,2)   OMEGA(3,3)   OMEGA(4,1)   OMEGA(4,2)   OMEGA(4,3)   OMEGA(4,4)   OMEGA(5,1)   OMEGA(5,2)   OMEGA(5,3)   OMEGA(5,4)   OMEGA(5,5)   OMEGA(6,1)   OMEGA(6,2)   OMEGA(6,3)   OMEGA(6,4)   OMEGA(6,5)   OMEGA(6,6)
 THETA1        2.47702E+04 -2.65363E+03 -6.09328E+03 -9.25440E+04  1.37368E+04 -6.50105E+04  1.15752E+04  6.06952E+03  2.54529E+04 -1.83749E+04  0.00000E+00  0.00000E+00  0.00000E+00  7.62066E+02  0.00000E+00  0.00000E+00  0.00000E+00 -7.45440E+02  3.12425E+02  0.00000E+00  0.00000E+00  0.00000E+00 -6.11274E+02  5.64257E+02 -2.51928E+02
 THETA2       -2.65363E+03  8.06459E+04 -4.32864E+03  1.52950E+05  1.27636E+04 -1.37207E+04 -1.44740E+04 -4.04675E+04 -4.78139E+04  3.69813E+04  0.00000E+00  0.00000E+00  0.00000E+00  8.54668E+02  0.00000E+00  0.00000E+00  0.00000E+00  9.32233E+02 -2.18463E+02  0.00000E+00  0.00000E+00  0.00000E+00 -1.09714E+03 -6.80400E+02  5.08938E+00
 THETA3       -6.09328E+03 -4.32864E+03  7.25816E+04 -4.18498E+05  1.36398E+02  3.26103E+03  2.33915E+04 -1.52870E+04 -4.40273E+04  1.32151E+04  0.00000E+00  0.00000E+00  0.00000E+00  1.70729E+03  0.00000E+00  0.00000E+00  0.00000E+00 -2.05106E+02  1.59064E+02  0.00000E+00  0.00000E+00  0.00000E+00 -6.12310E+02  7.54766E+02 -1.75300E+01
 SIGMA(1,1)   -9.25440E+04  1.52950E+05 -4.18498E+05  3.32205E+08 -8.92032E+05  4.14097E+05 -2.29957E+06 -1.45024E+06 -1.96751E+06  3.94631E+06  0.00000E+00  0.00000E+00  0.00000E+00  2.23473E+04  0.00000E+00  0.00000E+00  0.00000E+00 -2.12229E+04 -2.41069E+04  0.00000E+00  0.00000E+00  0.00000E+00 -6.89467E+04 -8.49998E+04 -2.45231E+04
 OMEGA(1,1)    1.37368E+04  1.27636E+04  1.36398E+02 -8.92032E+05  1.41610E+06 -2.90981E+05  3.26119E+04 -2.81343E+05  9.23366E+04 -1.04641E+05  0.00000E+00  0.00000E+00  0.00000E+00 -2.05055E+03  0.00000E+00  0.00000E+00  0.00000E+00 -1.18172E+04 -2.67430E+03  0.00000E+00  0.00000E+00  0.00000E+00  5.03151E+03  9.17239E+03 -1.25864E+03
 OMEGA(2,1)   -6.50105E+04 -1.37207E+04  3.26103E+03  4.14097E+05 -2.90981E+05  3.49634E+06 -4.27794E+05  8.03357E+04 -4.64808E+05  1.85906E+05  0.00000E+00  0.00000E+00  0.00000E+00 -8.64986E+03  0.00000E+00  0.00000E+00  0.00000E+00  1.01119E+04  5.44513E+03  0.00000E+00  0.00000E+00  0.00000E+00  1.79793E+03 -1.07819E+04 -1.39709E+03
 OMEGA(2,2)    1.15752E+04 -1.44740E+04  2.33915E+04 -2.29957E+06  3.26119E+04 -4.27794E+05  3.35148E+06  2.05815E+05 -7.82200E+05 -1.74741E+05  0.00000E+00  0.00000E+00  0.00000E+00  4.22469E+02  0.00000E+00  0.00000E+00  0.00000E+00 -6.70886E+03 -1.15829E+04  0.00000E+00  0.00000E+00  0.00000E+00  1.28872E+04  8.24778E+03 -5.76168E+03
 OMEGA(3,1)    6.06952E+03 -4.04675E+04 -1.52870E+04 -1.45024E+06 -2.81343E+05  8.03357E+04  2.05815E+05  2.59959E+06  1.56875E+05 -4.22025E+05  0.00000E+00  0.00000E+00  0.00000E+00  1.76805E+03  0.00000E+00  0.00000E+00  0.00000E+00 -1.18988E+04 -6.55823E+03  0.00000E+00  0.00000E+00  0.00000E+00 -6.97576E+03 -3.18219E+03  5.94484E+03
 OMEGA(3,2)    2.54529E+04 -4.78139E+04 -4.40273E+04 -1.96751E+06  9.23366E+04 -4.64808E+05 -7.82200E+05  1.56875E+05  7.54115E+06 -9.50826E+05  0.00000E+00  0.00000E+00  0.00000E+00 -2.00902E+04  0.00000E+00  0.00000E+00  0.00000E+00 -1.20724E+03  4.44236E+03  0.00000E+00  0.00000E+00  0.00000E+00  1.07579E+04  1.37346E+04 -4.64494E+02
 OMEGA(3,3)   -1.83749E+04  3.69813E+04  1.32151E+04  3.94631E+06 -1.04641E+05  1.85906E+05 -1.74741E+05 -4.22025E+05 -9.50826E+05  3.96427E+06  0.00000E+00  0.00000E+00  0.00000E+00  5.21865E+03  0.00000E+00  0.00000E+00  0.00000E+00 -6.81015E+03  5.56933E+03  0.00000E+00  0.00000E+00  0.00000E+00 -9.57428E+03 -3.21612E+03 -5.27805E+03
 OMEGA(4,1)    0.00000E+00  0.00000E+00  0.00000E+00  0.00000E+00  0.00000E+00  0.00000E+00  0.00000E+00  0.00000E+00  0.00000E+00  0.00000E+00  0.00000E+00  0.00000E+00  0.00000E+00  0.00000E+00  0.00000E+00  0.00000E+00  0.00000E+00  0.00000E+00  0.00000E+00  0.00000E+00  0.00000E+00  0.00000E+00  0.00000E+00  0.00000E+00  0.00000E+00
