TABLE NO.     1: Importance Sampling assisted by MAP Estimation: Problem=1 Subproblem=0 Superproblem1=0 Iteration1=0 Superproblem2=0 Iteration2=0
 NAME         THETA1       THETA2       SIGMA(1,1)   OMEGA(1,1)   OMEGA(2,1)   OMEGA(2,2)   OMEGA(3,1)   OMEGA(3,2)   OMEGA(3,3)   OMEGA(4,1)   OMEGA(4,2)   OMEGA(4,3)   OMEGA(4,4)   OMEGA(5,1)   OMEGA(5,2)   OMEGA(5,3)   OMEGA(5,4)   OMEGA(5,5)   OMEGA(6,1)   OMEGA(6,2)   OMEGA(6,3)   OMEGA(6,4)   OMEGA(6,5)   OMEGA(6,6)
 THETA1        4.95451E-06  2.29157E-07  1.00270E-08 -2.16882E-08  3.02354E-08 -1.82701E-08  0.00000E+00  0.00000E+00  6.59229E-08  0.00000E+00  0.00000E+00  7.93552E-09  1.90361E-08  0.00000E+00  0.00000E+00  0.00000E+00  0.00000E+00  1.94340E-06  0.00000E+00  0.00000E+00  0.00000E+00  0.00000E+00 -5.77733E-07  1.21846E-06
 THETA2        2.29157E-07  5.33895E-06  1.16266E-08  1.79461E-08 -5.83382E-09  3.54701E-09  0.00000E+00  0.00000E+00  5.20031E-08  0.00000E+00  0.00000E+00  2.37584E-08 -4.79839E-11  0.00000E+00  0.00000E+00  0.00000E+00  0.00000E+00 -1.42955E-07  0.00000E+00  0.00000E+00  0.00000E+00  0.00000E+00  2.20779E-07  9.07506E-07
 SIGMA(1,1)    1.00270E-08  1.16266E-08  1.55851E-08 -2.94939E-09 -9.31958E-10 -3.57302E-09  0.00000E+00  0.00000E+00  2.31575E-09  0.00000E+00  0.00000E+00  3.81515E-10 -2.17326E-09  0.00000E+00  0.00000E+00  0.00000E+00  0.00000E+00 -1.14272E-07  0.00000E+00  0.00000E+00  0.00000E+00  0.00000E+00  3.07017E-08 -1.14209E-08
 OMEGA(1,1)   -2.16882E-08  1.79461E-08 -2.94939E-09  1.18523E-07  6.30622E-09  1.83749E-10  0.00000E+00  0.00000E+00  1.67604E-08  0.00000E+00  0.00000E+00 -7.75199E-09  1.79562E-08  0.00000E+00  0.00000E+00  0.00000E+00  0.00000E+00  2.25980E-07  0.00000E+00  0.00000E+00  0.00000E+00  0.00000E+00 -9.28575E-08  6.42256E-08
 OMEGA(2,1)    3.02354E-08 -5.83382E-09 -9.31958E-10  6.30622E-09  6.63740E-08  6.02361E-09  0.00000E+00  0.00000E+00  5.24283E-09  0.00000E+00  0.00000E+00 -1.92962E-08  5.53307E-09  0.00000E+00  0.00000E+00  0.00000E+00  0.00000E+00  1.56048E-08  0.00000E+00  0.00000E+00  0.00000E+00  0.00000E+00  1.32390E-07 -1.08075E-07
 OMEGA(2,2)   -1.82701E-08  3.54701E-09 -3.57302E-09  1.83749E-10  6.02361E-09  1.42102E-07  0.00000E+00  0.00000E+00 -1.35170E-08  0.00000E+00  0.00000E+00  9.37574E-09 -1.02464E-08  0.00000E+00  0.00000E+00  0.00000E+00  0.00000E+00 -2.35149E-07  0.00000E+00  0.00000E+00  0.00000E+00  0.00000E+00  2.71105E-08 -4.05654E-07
 OMEGA(3,1)    0.00000E+00  0.00000E+00  0.00000E+00  0.00000E+00  0.00000E+00  0.00000E+00  0.00000E+00  0.00000E+00  0.00000E+00  0.00000E+00  0.00000E+00  0.00000E+00  0.00000E+00  0.00000E+00  0.00000E+00  0.00000E+00  0.00000E+00  0.00000E+00  0.00000E+00  0.00000E+00  0.00000E+00  0.00000E+00  0.00000E+00  0.00000E+00
 OMEGA(3,2)    0.00000E+00  0.00000E+00  0.00000E+00  0.00000E+00  0.00000E+00  0.00000E+00  0.00000E+00  0.00000E+00  0.00000E+00  0.00000E+00  0.00000E+00  0.00000E+00  0.00000E+00  0.00000E+00  0.00000E+00  0.00000E+00  0.00000E+00  0.00000E+00  0.00000E+00  0.00000E+00  0.00000E+00  0.00000E+00  0.00000E+00  0.00000E+00
 OMEGA(3,3)    6.59229E-08  5.20031E-08  2.31575E-09  1.67604E-08  5.24283E-09 -1.35170E-08  0.00000E+00  0.00000E+00  5.45554E-06  0.00000E+00  0.00000E+00 -3.38012E-07 -1.17634E-07  0.00000E+00  0.00000E+00  0.00000E+00  0.00000E+00  5.84301E-06  0.00000E+00  0.00000E+00  0.00000E+00  0.00000E+00 -4.63995E-06 -5.31932E-07
 OMEGA(4,1)    0.00000E+00  0.00000E+00  0.00000E+00  0.00000E+00  0.00000E+00  0.00000E+00  0.00000E+00  0.00000E+00  0.00000E+00  0.00000E+00  0.00000E+00  0.00000E+00  0.00000E+00  0.00000E+00  0.00000E+00  0.00000E+00  0.00000E+00  0.00000E+00  0.00000E+00  0.00000E+00  0.00000E+00  0.00000E+00  0.00000E+00  0.00000E+00
 OMEGA(4,2)    0.00000E+00  0.00000E+00  0.00000E+00  0.00000E+00  0.00000E+00  0.00000E+00  0.00000E+00  0.00000E+00  0.00000E+00  0.00000E+00  0.00000E+00  0.00000E+00  0.00000E+00  0.00000E+00  0.00000E+00  0.00000E+00  0.00000E+00  0.00000E+00  0.00000E+00  0.00000E+00  0.00000E+00  0.00000E+00  0.00000E+00  0.00000E+00
 OMEGA(4,3)    7.93552E-09  2.37584E-08  3.81515E-10 -7.75199E-09 -1.92962E-08  9.37574E-09  0.00000E+00  0.00000E+00 -3.38012E-07  0.00000E+00  0.00000E+00  3.47202E-06  1.43201E-08  0.00000E+00  0.00000E+00  0.00000E+00  0.00000E+00  2.40853E-06  0.00000E+00  0.00000E+00  0.00000E+00  0.00000E+00  1.86850E-06 -5.38839E-06
 OMEGA(4,4)    1.90361E-08 -4.79839E-11 -2.17326E-09  1.79562E-08  5.53307E-09 -1.02464E-08  0.00000E+00  0.00000E+00 -1.17634E-07  0.00000E+00  0.00000E+00  1.43201E-08  7.47190E-06  0.00000E+00  0.00000E+00  0.00000E+00  0.00000E+00  5.10109E-06  0.00000E+00  0.00000E+00  0.00000E+00  0.00000E+00 -1.25611E-06  8.41249E-07
 OMEGA(5,1)    0.00000E+00  0.00000E+00  0.00000E+00  0.00000E+00  0.00000E+00  0.00000E+00  0.00000E+00  0.00000E+00  0.00000E+00  0.00000E+00  0.00000E+00  0.00000E+00  0.00000E+00  0.00000E+00  0.00000E+00  0.00000E+00  0.00000E+00  0.00000E+00  0.00000E+00  0.00000E+00  0.00000E+00  0.00000E+00  0.00000E+00  0.00000E+00
 OMEGA(5,2)    0.00000E+00  0.00000E+00  0.00000E+00  0.00000E+00  0.00000E+00  0.00000E+00  0.00000E+00  0.00000E+00  0.00000E+00  0.00000E+00  0.00000E+00  0.00000E+00  0.00000E+00  0.00000E+00  0.00000E+00  0.00000E+00  0.00000E+00  0.00000E+00  0.00000E+00  0.00000E+00  0.00000E+00  0.00000E+00  0.00000E+00  0.00000E+00
 OMEGA(5,3)    0.00000E+00  0.00000E+00  0.00000E+00  0.00000E+00  0.00000E+00  0.00000E+00  0.00000E+00  0.00000E+00  0.00000E+00  0.00000E+00  0.00000E+00  0.00000E+00  0.00000E+00  0.00000E+00  0.00000E+00  0.00000E+00  0.00000E+00  0.00000E+00  0.00000E+00  0.00000E+00  0.00000E+00  0.00000E+00  0.00000E+00  0.00000E+00
 OMEGA(5,4)    0.00000E+00  0.00000E+00  0.00000E+00  0.00000E+00  0.00000E+00  0.00000E+00  0.00000E+00  0.00000E+00  0.00000E+00  0.00000E+00  0.00000E+00  0.00000E+00  0.00000E+00  0.00000E+00  0.00000E+00  0.00000E+00  0.00000E+00  0.00000E+00  0.00000E+00  0.00000E+00  0.00000E+00  0.00000E+00  0.00000E+00  0.00000E+00
 OMEGA(5,5)    1.94340E-06 -1.42955E-07 -1.14272E-07  2.25980E-07  1.56048E-08 -2.35149E-07  0.00000E+00  0.00000E+00  5.84301E-06  0.00000E+00  0.00000E+00  2.40853E-06  5.10109E-06  0.00000E+00  0.00000E+00  0.00000E+00  0.00000E+00  1.07541E-03  0.00000E+00  0.00000E+00  0.00000E+00  0.00000E+00 -5.34729E-04  1.72422E-04
 OMEGA(6,1)    0.00000E+00  0.00000E+00  0.00000E+00  0.00000E+00  0.00000E+00  0.00000E+00  0.00000E+00  0.00000E+00  0.00000E+00  0.00000E+00  0.00000E+00  0.00000E+00  0.00000E+00  0.00000E+00  0.00000E+00  0.00000E+00  0.00000E+00  0.00000E+00  0.00000E+00  0.00000E+00  0.00000E+00  0.00000E+00  0.00000E+00  0.00000E+00
 OMEGA(6,2)    0.00000E+00  0.00000E+00  0.00000E+00  0.00000E+00  0.00000E+00  0.00000E+00  0.00000E+00  0.00000E+00  0.00000E+00  0.00000E+00  0.00000E+00  0.00000E+00  0.00000E+00  0.00000E+00  0.00000E+00  0.00000E+00  0.00000E+00  0.00000E+00  0.00000E+00  0.00000E+00  0.00000E+00  0.00000E+00  0.00000E+00  0.00000E+00
 OMEGA(6,3)    0.00000E+00  0.00000E+00  0.00000E+00  0.00000E+00  0.00000E+00  0.00000E+00  0.00000E+00  0.00000E+00  0.00000E+00  0.00000E+00  0.00000E+00  0.00000E+00  0.00000E+00  0.00000E+00  0.00000E+00  0.00000E+00  0.00000E+00  0.00000E+00  0.00000E+00  0.00000E+00  0.00000E+00  0.00000E+00  0.00000E+00  0.00000E+00
 OMEGA(6,4)    0.00000E+00  0.00000E+00  0.00000E+00  0.00000E+00  0.00000E+00  0.00000E+00  0.00000E+00  0.00000E+00  0.00000E+00  0.00000E+00  0.00000E+00  0.00000E+00  0.00000E+00  0.00000E+00  0.00000E+00  0.00000E+00  0.00000E+00  0.00000E+00  0.00000E+00  0.00000E+00  0.00000E+00  0.00000E+00  0.00000E+00  0.00000E+00
 OMEGA(6,5)   -5.77733E-07  2.20779E-07  3.07017E-08 -9.28575E-08  1.32390E-07  2.71105E-08  0.00000E+00  0.00000E+00 -4.63995E-06  0.00000E+00  0.00000E+00  1.86850E-06 -1.25611E-06  0.00000E+00  0.00000E+00  0.00000E+00  0.00000E+00 -5.34729E-04  0.00000E+00  0.00000E+00  0.00000E+00  0.00000E+00  6.08722E-04 -1.93066E-04
 OMEGA(6,6)    1.21846E-06  9.07506E-07 -1.14209E-08  6.42256E-08 -1.08075E-07 -4.05654E-07  0.00000E+00  0.00000E+00 -5.31932E-07  0.00000E+00  0.00000E+00 -5.38839E-06  8.41249E-07  0.00000E+00  0.00000E+00  0.00000E+00  0.00000E+00  1.72422E-04  0.00000E+00  0.00000E+00  0.00000E+00  0.00000E+00 -1.93066E-04  7.29045E-04
