TABLE NO.     1: Iterative Two Stage: Problem=1 Subproblem=0 Superproblem1=0 Iteration1=0 Superproblem2=0 Iteration2=0
 NAME         THETA1       THETA2       SIGMA(1,1)   OMEGA(1,1)   OMEGA(2,1)   OMEGA(2,2)   OMEGA(3,1)   OMEGA(3,2)   OMEGA(3,3)   OMEGA(4,1)   OMEGA(4,2)   OMEGA(4,3)   OMEGA(4,4)   OMEGA(5,1)   OMEGA(5,2)   OMEGA(5,3)   OMEGA(5,4)   OMEGA(5,5)   OMEGA(6,1)   OMEGA(6,2)   OMEGA(6,3)   OMEGA(6,4)   OMEGA(6,5)   OMEGA(6,6)
 THETA1        1.84605E+05 -9.19889E+03 -1.75169E+05  2.55887E+04 -1.89015E+05 -9.22897E+03  0.00000E+00  0.00000E+00 -1.75789E+03  0.00000E+00  0.00000E+00 -9.02973E+02 -6.66913E+02  0.00000E+00  0.00000E+00  0.00000E+00  0.00000E+00 -5.13747E+02  0.00000E+00  0.00000E+00  0.00000E+00  0.00000E+00 -3.10778E+02 -2.97096E+02
 THETA2       -9.19889E+03  1.69692E+05 -3.43071E+04 -8.26135E+04 -4.45955E+04 -2.10036E+04  0.00000E+00  0.00000E+00 -2.03639E+03  0.00000E+00  0.00000E+00 -1.88588E+03  7.33750E+01  0.00000E+00  0.00000E+00  0.00000E+00  0.00000E+00 -7.28831E-01  0.00000E+00  0.00000E+00  0.00000E+00  0.00000E+00 -1.56105E+02 -2.72184E+02
 SIGMA(1,1)   -1.75169E+05 -3.43071E+04  6.19488E+07  1.00044E+06  2.96649E+05  9.90656E+05  0.00000E+00  0.00000E+00 -2.62815E+04  0.00000E+00  0.00000E+00 -6.83788E+02  1.45501E+04  0.00000E+00  0.00000E+00  0.00000E+00  0.00000E+00  1.12669E+04  0.00000E+00  0.00000E+00  0.00000E+00  0.00000E+00  6.86606E+03  1.70448E+03
 OMEGA(1,1)    2.55887E+04 -8.26135E+04  1.00044E+06  8.79022E+06 -1.10149E+06  1.44594E+05  0.00000E+00  0.00000E+00 -2.66442E+04  0.00000E+00  0.00000E+00  1.10381E+04 -1.81662E+04  0.00000E+00  0.00000E+00  0.00000E+00  0.00000E+00 -1.23439E+03  0.00000E+00  0.00000E+00  0.00000E+00  0.00000E+00 -2.18568E+01 -3.96843E+02
 OMEGA(2,1)   -1.89015E+05 -4.45955E+04  2.96649E+05 -1.10149E+06  1.57308E+07 -9.89597E+03  0.00000E+00  0.00000E+00 -1.08260E+04  0.00000E+00  0.00000E+00  9.77467E+04 -1.04802E+04  0.00000E+00  0.00000E+00  0.00000E+00  0.00000E+00 -3.79819E+03  0.00000E+00  0.00000E+00  0.00000E+00  0.00000E+00 -6.40801E+03  1.86967E+03
 OMEGA(2,2)   -9.22897E+03 -2.10036E+04  9.90656E+05  1.44594E+05 -9.89597E+03  6.98798E+06  0.00000E+00  0.00000E+00  1.68240E+04  0.00000E+00  0.00000E+00 -1.91441E+04  9.20549E+03  0.00000E+00  0.00000E+00  0.00000E+00  0.00000E+00  2.99504E+03  0.00000E+00  0.00000E+00  0.00000E+00  0.00000E+00  3.79232E+03  4.14339E+03
 OMEGA(3,1)    0.00000E+00  0.00000E+00  0.00000E+00  0.00000E+00  0.00000E+00  0.00000E+00  0.00000E+00  0.00000E+00  0.00000E+00  0.00000E+00  0.00000E+00  0.00000E+00  0.00000E+00  0.00000E+00  0.00000E+00  0.00000E+00  0.00000E+00  0.00000E+00  0.00000E+00  0.00000E+00  0.00000E+00  0.00000E+00  0.00000E+00  0.00000E+00
 OMEGA(3,2)    0.00000E+00  0.00000E+00  0.00000E+00  0.00000E+00  0.00000E+00  0.00000E+00  0.00000E+00  0.00000E+00  0.00000E+00  0.00000E+00  0.00000E+00  0.00000E+00  0.00000E+00  0.00000E+00  0.00000E+00  0.00000E+00  0.00000E+00  0.00000E+00  0.00000E+00  0.00000E+00  0.00000E+00  0.00000E+00  0.00000E+00  0.00000E+00
 OMEGA(3,3)   -1.75789E+03 -2.03639E+03 -2.62815E+04 -2.66442E+04 -1.08260E+04  1.68240E+04  0.00000E+00  0.00000E+00  1.95788E+05  0.00000E+00  0.00000E+00  1.44163E+04  3.15949E+03  0.00000E+00  0.00000E+00  0.00000E+00  0.00000E+00 -7.18435E+02  0.00000E+00  0.00000E+00  0.00000E+00  0.00000E+00  1.01822E+03  7.26253E+02
 OMEGA(4,1)    0.00000E+00  0.00000E+00  0.00000E+00  0.00000E+00  0.00000E+00  0.00000E+00  0.00000E+00  0.00000E+00  0.00000E+00  0.00000E+00  0.00000E+00  0.00000E+00  0.00000E+00  0.00000E+00  0.00000E+00  0.00000E+00  0.00000E+00  0.00000E+00  0.00000E+00  0.00000E+00  0.00000E+00  0.00000E+00  0.00000E+00  0.00000E+00
 OMEGA(4,2)    0.00000E+00  0.00000E+00  0.00000E+00  0.00000E+00  0.00000E+00  0.00000E+00  0.00000E+00  0.00000E+00  0.00000E+00  0.00000E+00  0.00000E+00  0.00000E+00  0.00000E+00  0.00000E+00  0.00000E+00  0.00000E+00  0.00000E+00  0.00000E+00  0.00000E+00  0.00000E+00  0.00000E+00  0.00000E+00  0.00000E+00  0.00000E+00
 OMEGA(4,3)   -9.02973E+02 -1.88588E+03 -6.83788E+02  1.10381E+04  9.77467E+04 -1.91441E+04  0.00000E+00  0.00000E+00  1.44163E+04  0.00000E+00  0.00000E+00  3.02561E+05 -3.44295E+03  0.00000E+00  0.00000E+00  0.00000E+00  0.00000E+00 -2.13910E+03  0.00000E+00  0.00000E+00  0.00000E+00  0.00000E+00 -1.98247E+03  2.20798E+03
 OMEGA(4,4)   -6.66913E+02  7.33750E+01  1.45501E+04 -1.81662E+04 -1.04802E+04  9.20549E+03  0.00000E+00  0.00000E+00  3.15949E+03  0.00000E+00  0.00000E+00 -3.44295E+03  1.35546E+05  0.00000E+00  0.00000E+00  0.00000E+00  0.00000E+00 -8.78368E+02  0.00000E+00  0.00000E+00  0.00000E+00  0.00000E+00 -4.65420E+02 -8.40843E+01
 OMEGA(5,1)    0.00000E+00  0.00000E+00  0.00000E+00  0.00000E+00  0.00000E+00  0.00000E+00  0.00000E+00  0.00000E+00  0.00000E+00  0.00000E+00  0.00000E+00  0.00000E+00  0.00000E+00  0.00000E+00  0.00000E+00  0.00000E+00  0.00000E+00  0.00000E+00  0.00000E+00  0.00000E+00  0.00000E+00  0.00000E+00  0.00000E+00  0.00000E+00
 OMEGA(5,2)    0.00000E+00  0.00000E+00  0.00000E+00  0.00000E+00  0.00000E+00  0.00000E+00  0.00000E+00  0.00000E+00  0.00000E+00  0.00000E+00  0.00000E+00  0.00000E+00  0.00000E+00  0.00000E+00  0.00000E+00  0.00000E+00  0.00000E+00  0.00000E+00  0.00000E+00  0.00000E+00  0.00000E+00  0.00000E+00  0.00000E+00  0.00000E+00
 OMEGA(5,3)    0.00000E+00  0.00000E+00  0.00000E+00  0.00000E+00  0.00000E+00  0.00000E+00  0.00000E+00  0.00000E+00  0.00000E+00  0.00000E+00  0.00000E+00  0.00000E+00  0.00000E+00  0.00000E+00  0.00000E+00  0.00000E+00  0.00000E+00  0.00000E+00  0.00000E+00  0.00000E+00  0.00000E+00  0.00000E+00  0.00000E+00  0.00000E+00
 OMEGA(5,4)    0.00000E+00  0.00000E+00  0.00000E+00  0.00000E+00  0.00000E+00  0.00000E+00  0.00000E+00  0.00000E+00  0.00000E+00  0.00000E+00  0.00000E+00  0.00000E+00  0.00000E+00  0.00000E+00  0.00000E+00  0.00000E+00  0.00000E+00  0.00000E+00  0.00000E+00  0.00000E+00  0.00000E+00  0.00000E+00  0.00000E+00  0.00000E+00
 OMEGA(5,5)   -5.13747E+02 -7.28831E-01  1.12669E+04 -1.23439E+03 -3.79819E+03  2.99504E+03  0.00000E+00  0.00000E+00 -7.18435E+02  0.00000E+00  0.00000E+00 -2.13910E+03 -8.78368E+02  0.00000E+00  0.00000E+00  0.00000E+00  0.00000E+00  1.74118E+03  0.00000E+00  0.00000E+00  0.00000E+00  0.00000E+00  1.46687E+03 -3.94081E+01
 OMEGA(6,1)    0.00000E+00  0.00000E+00  0.00000E+00  0.00000E+00  0.00000E+00  0.00000E+00  0.00000E+00  0.00000E+00  0.00000E+00  0.00000E+00  0.00000E+00  0.00000E+00  0.00000E+00  0.00000E+00  0.00000E+00  0.00000E+00  0.00000E+00  0.00000E+00  0.00000E+00  0.00000E+00  0.00000E+00  0.00000E+00  0.00000E+00  0.00000E+00
 OMEGA(6,2)    0.00000E+00  0.00000E+00  0.00000E+00  0.00000E+00  0.00000E+00  0.00000E+00  0.00000E+00  0.00000E+00  0.00000E+00  0.00000E+00  0.00000E+00  0.00000E+00  0.00000E+00  0.00000E+00  0.00000E+00  0.00000E+00  0.00000E+00  0.00000E+00  0.00000E+00  0.00000E+00  0.00000E+00  0.00000E+00  0.00000E+00  0.00000E+00
 OMEGA(6,3)    0.00000E+00  0.00000E+00  0.00000E+00  0.00000E+00  0.00000E+00  0.00000E+00  0.00000E+00  0.00000E+00  0.00000E+00  0.00000E+00  0.00000E+00  0.00000E+00  0.00000E+00  0.00000E+00  0.00000E+00  0.00000E+00  0.00000E+00  0.00000E+00  0.00000E+00  0.00000E+00  0.00000E+00  0.00000E+00  0.00000E+00  0.00000E+00
 OMEGA(6,4)    0.00000E+00  0.00000E+00  0.00000E+00  0.00000E+00  0.00000E+00  0.00000E+00  0.00000E+00  0.00000E+00  0.00000E+00  0.00000E+00  0.00000E+00  0.00000E+00  0.00000E+00  0.00000E+00  0.00000E+00  0.00000E+00  0.00000E+00  0.00000E+00  0.00000E+00  0.00000E+00  0.00000E+00  0.00000E+00  0.00000E+00  0.00000E+00
 OMEGA(6,5)   -3.10778E+02 -1.56105E+02  6.86606E+03 -2.18568E+01 -6.40801E+03  3.79232E+03  0.00000E+00  0.00000E+00  1.01822E+03  0.00000E+00  0.00000E+00 -1.98247E+03 -4.65420E+02  0.00000E+00  0.00000E+00  0.00000E+00  0.00000E+00  1.46687E+03  0.00000E+00  0.00000E+00  0.00000E+00  0.00000E+00  3.09819E+03  4.27038E+02
 OMEGA(6,6)   -2.97096E+02 -2.72184E+02  1.70448E+03 -3.96843E+02  1.86967E+03  4.14339E+03  0.00000E+00  0.00000E+00  7.26253E+02  0.00000E+00  0.00000E+00  2.20798E+03 -8.40843E+01  0.00000E+00  0.00000E+00  0.00000E+00  0.00000E+00 -3.94081E+01  0.00000E+00  0.00000E+00  0.00000E+00  0.00000E+00  4.27038E+02  1.51778E+03
