TABLE NO.     1: Iterative Two Stage: Problem=1 Subproblem=0 Superproblem1=0 Iteration1=0 Superproblem2=0 Iteration2=0
 NAME         THETA1       THETA2       SIGMA(1,1)   OMEGA(1,1)   OMEGA(2,1)   OMEGA(2,2)   OMEGA(3,1)   OMEGA(3,2)   OMEGA(3,3)   OMEGA(4,1)   OMEGA(4,2)   OMEGA(4,3)   OMEGA(4,4)   OMEGA(5,1)   OMEGA(5,2)   OMEGA(5,3)   OMEGA(5,4)   OMEGA(5,5)   OMEGA(6,1)   OMEGA(6,2)   OMEGA(6,3)   OMEGA(6,4)   OMEGA(6,5)   OMEGA(6,6)
 THETA1        1.76505E+05 -2.41788E+04 -2.26870E+05 -8.09750E+04 -2.56946E+05  1.87478E+04  0.00000E+00  0.00000E+00 -1.62693E+03  0.00000E+00  0.00000E+00 -8.59917E+02 -5.43100E+02  0.00000E+00  0.00000E+00  0.00000E+00  0.00000E+00 -4.79096E+02  0.00000E+00  0.00000E+00  0.00000E+00  0.00000E+00 -2.96538E+02 -2.63645E+02
 THETA2       -2.41788E+04  1.66592E+05 -7.31725E+04 -5.81997E+04 -1.12271E+05 -1.19972E+05  0.00000E+00  0.00000E+00 -1.89836E+03  0.00000E+00  0.00000E+00 -1.76780E+03  6.25909E+01  0.00000E+00  0.00000E+00  0.00000E+00  0.00000E+00  1.54572E+01  0.00000E+00  0.00000E+00  0.00000E+00  0.00000E+00 -1.52073E+02 -2.53077E+02
 SIGMA(1,1)   -2.26870E+05 -7.31725E+04  6.51335E+07  9.83036E+05 -1.54436E+05  9.64643E+05  0.00000E+00  0.00000E+00 -3.17433E+04  0.00000E+00  0.00000E+00 -7.54721E+03  1.58644E+04  0.00000E+00  0.00000E+00  0.00000E+00  0.00000E+00  1.11427E+04  0.00000E+00  0.00000E+00  0.00000E+00  0.00000E+00  6.71927E+03  9.86426E+02
 OMEGA(1,1)   -8.09750E+04 -5.81997E+04  9.83036E+05  8.01939E+06 -2.28928E+06  2.84017E+05  0.00000E+00  0.00000E+00 -2.34576E+04  0.00000E+00  0.00000E+00  6.62796E+03 -1.63565E+04  0.00000E+00  0.00000E+00  0.00000E+00  0.00000E+00 -6.51608E+02  0.00000E+00  0.00000E+00  0.00000E+00  0.00000E+00  3.04666E+02 -1.85294E+02
 OMEGA(2,1)   -2.56946E+05 -1.12271E+05 -1.54436E+05 -2.28928E+06  1.52042E+07 -1.25670E+06  0.00000E+00  0.00000E+00 -8.68943E+03  0.00000E+00  0.00000E+00  9.53574E+04 -8.14280E+03  0.00000E+00  0.00000E+00  0.00000E+00  0.00000E+00 -3.32873E+03  0.00000E+00  0.00000E+00  0.00000E+00  0.00000E+00 -6.14252E+03  1.75685E+03
 OMEGA(2,2)    1.87478E+04 -1.19972E+05  9.64643E+05  2.84017E+05 -1.25670E+06  6.68309E+06  0.00000E+00  0.00000E+00  1.88495E+04  0.00000E+00  0.00000E+00 -2.17183E+04  9.10431E+03  0.00000E+00  0.00000E+00  0.00000E+00  0.00000E+00  2.97785E+03  0.00000E+00  0.00000E+00  0.00000E+00  0.00000E+00  3.93086E+03  4.17313E+03
 OMEGA(3,1)    0.00000E+00  0.00000E+00  0.00000E+00  0.00000E+00  0.00000E+00  0.00000E+00  0.00000E+00  0.00000E+00  0.00000E+00  0.00000E+00  0.00000E+00  0.00000E+00  0.00000E+00  0.00000E+00  0.00000E+00  0.00000E+00  0.00000E+00  0.00000E+00  0.00000E+00  0.00000E+00  0.00000E+00  0.00000E+00  0.00000E+00  0.00000E+00
 OMEGA(3,2)    0.00000E+00  0.00000E+00  0.00000E+00  0.00000E+00  0.00000E+00  0.00000E+00  0.00000E+00  0.00000E+00  0.00000E+00  0.00000E+00  0.00000E+00  0.00000E+00  0.00000E+00  0.00000E+00  0.00000E+00  0.00000E+00  0.00000E+00  0.00000E+00  0.00000E+00  0.00000E+00  0.00000E+00  0.00000E+00  0.00000E+00  0.00000E+00
 OMEGA(3,3)   -1.62693E+03 -1.89836E+03 -3.17433E+04 -2.34576E+04 -8.68943E+03  1.88495E+04  0.00000E+00  0.00000E+00  1.96320E+05  0.00000E+00  0.00000E+00  1.29310E+04  3.13887E+03  0.00000E+00  0.00000E+00  0.00000E+00  0.00000E+00 -7.19444E+02  0.00000E+00  0.00000E+00  0.00000E+00  0.00000E+00  1.02491E+03  7.21211E+02
 OMEGA(4,1)    0.00000E+00  0.00000E+00  0.00000E+00  0.00000E+00  0.00000E+00  0.00000E+00  0.00000E+00  0.00000E+00  0.00000E+00  0.00000E+00  0.00000E+00  0.00000E+00  0.00000E+00  0.00000E+00  0.00000E+00  0.00000E+00  0.00000E+00  0.00000E+00  0.00000E+00  0.00000E+00  0.00000E+00  0.00000E+00  0.00000E+00  0.00000E+00
 OMEGA(4,2)    0.00000E+00  0.00000E+00  0.00000E+00  0.00000E+00  0.00000E+00  0.00000E+00  0.00000E+00  0.00000E+00  0.00000E+00  0.00000E+00  0.00000E+00  0.00000E+00  0.00000E+00  0.00000E+00  0.00000E+00  0.00000E+00  0.00000E+00  0.00000E+00  0.00000E+00  0.00000E+00  0.00000E+00  0.00000E+00  0.00000E+00  0.00000E+00
 OMEGA(4,3)   -8.59917E+02 -1.76780E+03 -7.54721E+03  6.62796E+03  9.53574E+04 -2.17183E+04  0.00000E+00  0.00000E+00  1.29310E+04  0.00000E+00  0.00000E+00  3.03570E+05 -4.63366E+03  0.00000E+00  0.00000E+00  0.00000E+00  0.00000E+00 -2.13142E+03  0.00000E+00  0.00000E+00  0.00000E+00  0.00000E+00 -1.99231E+03  2.21754E+03
 OMEGA(4,4)   -5.43100E+02  6.25909E+01  1.58644E+04 -1.63565E+04 -8.14280E+03  9.10431E+03  0.00000E+00  0.00000E+00  3.13887E+03  0.00000E+00  0.00000E+00 -4.63366E+03  1.36224E+05  0.00000E+00  0.00000E+00  0.00000E+00  0.00000E+00 -8.76451E+02  0.00000E+00  0.00000E+00  0.00000E+00  0.00000E+00 -4.59455E+02 -8.79773E+01
 OMEGA(5,1)    0.00000E+00  0.00000E+00  0.00000E+00  0.00000E+00  0.00000E+00  0.00000E+00  0.00000E+00  0.00000E+00  0.00000E+00  0.00000E+00  0.00000E+00  0.00000E+00  0.00000E+00  0.00000E+00  0.00000E+00  0.00000E+00  0.00000E+00  0.00000E+00  0.00000E+00  0.00000E+00  0.00000E+00  0.00000E+00  0.00000E+00  0.00000E+00
 OMEGA(5,2)    0.00000E+00  0.00000E+00  0.00000E+00  0.00000E+00  0.00000E+00  0.00000E+00  0.00000E+00  0.00000E+00  0.00000E+00  0.00000E+00  0.00000E+00  0.00000E+00  0.00000E+00  0.00000E+00  0.00000E+00  0.00000E+00  0.00000E+00  0.00000E+00  0.00000E+00  0.00000E+00  0.00000E+00  0.00000E+00  0.00000E+00  0.00000E+00
 OMEGA(5,3)    0.00000E+00  0.00000E+00  0.00000E+00  0.00000E+00  0.00000E+00  0.00000E+00  0.00000E+00  0.00000E+00  0.00000E+00  0.00000E+00  0.00000E+00  0.00000E+00  0.00000E+00  0.00000E+00  0.00000E+00  0.00000E+00  0.00000E+00  0.00000E+00  0.00000E+00  0.00000E+00  0.00000E+00  0.00000E+00  0.00000E+00  0.00000E+00
 OMEGA(5,4)    0.00000E+00  0.00000E+00  0.00000E+00  0.00000E+00  0.00000E+00  0.00000E+00  0.00000E+00  0.00000E+00  0.00000E+00  0.00000E+00  0.00000E+00  0.00000E+00  0.00000E+00  0.00000E+00  0.00000E+00  0.00000E+00  0.00000E+00  0.00000E+00  0.00000E+00  0.00000E+00  0.00000E+00  0.00000E+00  0.00000E+00  0.00000E+00
 OMEGA(5,5)   -4.79096E+02  1.54572E+01  1.11427E+04 -6.51608E+02 -3.32873E+03  2.97785E+03  0.00000E+00  0.00000E+00 -7.19444E+02  0.00000E+00  0.00000E+00 -2.13142E+03 -8.76451E+02  0.00000E+00  0.00000E+00  0.00000E+00  0.00000E+00  1.73846E+03  0.00000E+00  0.00000E+00  0.00000E+00  0.00000E+00  1.45875E+03 -4.28314E+01
 OMEGA(6,1)    0.00000E+00  0.00000E+00  0.00000E+00  0.00000E+00  0.00000E+00  0.00000E+00  0.00000E+00  0.00000E+00  0.00000E+00  0.00000E+00  0.00000E+00  0.00000E+00  0.00000E+00  0.00000E+00  0.00000E+00  0.00000E+00  0.00000E+00  0.00000E+00  0.00000E+00  0.00000E+00  0.00000E+00  0.00000E+00  0.00000E+00  0.00000E+00
 OMEGA(6,2)    0.00000E+00  0.00000E+00  0.00000E+00  0.00000E+00  0.00000E+00  0.00000E+00  0.00000E+00  0.00000E+00  0.00000E+00  0.00000E+00  0.00000E+00  0.00000E+00  0.00000E+00  0.00000E+00  0.00000E+00  0.00000E+00  0.00000E+00  0.00000E+00  0.00000E+00  0.00000E+00  0.00000E+00  0.00000E+00  0.00000E+00  0.00000E+00
 OMEGA(6,3)    0.00000E+00  0.00000E+00  0.00000E+00  0.00000E+00  0.00000E+00  0.00000E+00  0.00000E+00  0.00000E+00  0.00000E+00  0.00000E+00  0.00000E+00  0.00000E+00  0.00000E+00  0.00000E+00  0.00000E+00  0.00000E+00  0.00000E+00  0.00000E+00  0.00000E+00  0.00000E+00  0.00000E+00  0.00000E+00  0.00000E+00  0.00000E+00
 OMEGA(6,4)    0.00000E+00  0.00000E+00  0.00000E+00  0.00000E+00  0.00000E+00  0.00000E+00  0.00000E+00  0.00000E+00  0.00000E+00  0.00000E+00  0.00000E+00  0.00000E+00  0.00000E+00  0.00000E+00  0.00000E+00  0.00000E+00  0.00000E+00  0.00000E+00  0.00000E+00  0.00000E+00  0.00000E+00  0.00000E+00  0.00000E+00  0.00000E+00
 OMEGA(6,5)   -2.96538E+02 -1.52073E+02  6.71927E+03  3.04666E+02 -6.14252E+03  3.93086E+03  0.00000E+00  0.00000E+00  1.02491E+03  0.00000E+00  0.00000E+00 -1.99231E+03 -4.59455E+02  0.00000E+00  0.00000E+00  0.00000E+00  0.00000E+00  1.45875E+03  0.00000E+00  0.00000E+00  0.00000E+00  0.00000E+00  3.09386E+03  4.18658E+02
 OMEGA(6,6)   -2.63645E+02 -2.53077E+02  9.86426E+02 -1.85294E+02  1.75685E+03  4.17313E+03  0.00000E+00  0.00000E+00  7.21211E+02  0.00000E+00  0.00000E+00  2.21754E+03 -8.79773E+01  0.00000E+00  0.00000E+00  0.00000E+00  0.00000E+00 -4.28314E+01  0.00000E+00  0.00000E+00  0.00000E+00  0.00000E+00  4.18658E+02  1.52335E+03
TABLE NO.     2: Importance Sampling: Problem=1 Subproblem=0 Superproblem1=0 Iteration1=0 Superproblem2=0 Iteration2=0
 NAME         THETA1       THETA2       SIGMA(1,1)   OMEGA(1,1)   OMEGA(2,1)   OMEGA(2,2)   OMEGA(3,1)   OMEGA(3,2)   OMEGA(3,3)   OMEGA(4,1)   OMEGA(4,2)   OMEGA(4,3)   OMEGA(4,4)   OMEGA(5,1)   OMEGA(5,2)   OMEGA(5,3)   OMEGA(5,4)   OMEGA(5,5)   OMEGA(6,1)   OMEGA(6,2)   OMEGA(6,3)   OMEGA(6,4)   OMEGA(6,5)   OMEGA(6,6)
 THETA1        2.03633E+05 -8.99586E+03 -1.19101E+05  4.11435E+04 -1.02356E+05  2.57508E+04  0.00000E+00  0.00000E+00 -2.00611E+03  0.00000E+00  0.00000E+00 -1.18191E+03 -3.94012E+02  0.00000E+00  0.00000E+00  0.00000E+00  0.00000E+00 -4.70513E+02  0.00000E+00  0.00000E+00  0.00000E+00  0.00000E+00 -3.11577E+02 -2.90834E+02
 THETA2       -8.99586E+03  1.87977E+05 -1.43891E+05 -3.39693E+04  2.15536E+04 -1.18079E+04  0.00000E+00  0.00000E+00 -1.86673E+03  0.00000E+00  0.00000E+00 -1.84874E+03  1.28010E+02  0.00000E+00  0.00000E+00  0.00000E+00  0.00000E+00 -1.17356E+01  0.00000E+00  0.00000E+00  0.00000E+00  0.00000E+00 -1.80259E+02 -2.65209E+02
 SIGMA(1,1)   -1.19101E+05 -1.43891E+05  6.50519E+07  1.57764E+06  6.22632E+05  1.62382E+06  0.00000E+00  0.00000E+00 -3.38422E+04  0.00000E+00  0.00000E+00 -6.43768E+03  8.74333E+03  0.00000E+00  0.00000E+00  0.00000E+00  0.00000E+00  9.39264E+03  0.00000E+00  0.00000E+00  0.00000E+00  0.00000E+00  4.90185E+03  1.69317E+03
 OMEGA(1,1)    4.11435E+04 -3.39693E+04  1.57764E+06  8.50551E+06 -8.14810E+05  4.84666E+04  0.00000E+00  0.00000E+00 -2.68113E+04  0.00000E+00  0.00000E+00  1.02270E+04 -1.85182E+04  0.00000E+00  0.00000E+00  0.00000E+00  0.00000E+00 -1.62653E+03  0.00000E+00  0.00000E+00  0.00000E+00  0.00000E+00 -1.95774E+02 -2.66349E+02
 OMEGA(2,1)   -1.02356E+05  2.15536E+04  6.22632E+05 -8.14810E+05  1.52108E+07 -6.80746E+05  0.00000E+00  0.00000E+00 -1.04123E+04  0.00000E+00  0.00000E+00  9.74507E+04 -7.91402E+03  0.00000E+00  0.00000E+00  0.00000E+00  0.00000E+00 -3.88590E+03  0.00000E+00  0.00000E+00  0.00000E+00  0.00000E+00 -6.54658E+03  1.94664E+03
 OMEGA(2,2)    2.57508E+04 -1.18079E+04  1.62382E+06  4.84666E+04 -6.80746E+05  7.08398E+06  0.00000E+00  0.00000E+00  1.68874E+04  0.00000E+00  0.00000E+00 -2.01695E+04  8.31262E+03  0.00000E+00  0.00000E+00  0.00000E+00  0.00000E+00  3.00262E+03  0.00000E+00  0.00000E+00  0.00000E+00  0.00000E+00  3.79970E+03  4.06901E+03
 OMEGA(3,1)    0.00000E+00  0.00000E+00  0.00000E+00  0.00000E+00  0.00000E+00  0.00000E+00  0.00000E+00  0.00000E+00  0.00000E+00  0.00000E+00  0.00000E+00  0.00000E+00  0.00000E+00  0.00000E+00  0.00000E+00  0.00000E+00  0.00000E+00  0.00000E+00  0.00000E+00  0.00000E+00  0.00000E+00  0.00000E+00  0.00000E+00  0.00000E+00
 OMEGA(3,2)    0.00000E+00  0.00000E+00  0.00000E+00  0.00000E+00  0.00000E+00  0.00000E+00  0.00000E+00  0.00000E+00  0.00000E+00  0.00000E+00  0.00000E+00  0.00000E+00  0.00000E+00  0.00000E+00  0.00000E+00  0.00000E+00  0.00000E+00  0.00000E+00  0.00000E+00  0.00000E+00  0.00000E+00  0.00000E+00  0.00000E+00  0.00000E+00
 OMEGA(3,3)   -2.00611E+03 -1.86673E+03 -3.38422E+04 -2.68113E+04 -1.04123E+04  1.68874E+04  0.00000E+00  0.00000E+00  1.86065E+05  0.00000E+00  0.00000E+00  1.99286E+04  3.41078E+03  0.00000E+00  0.00000E+00  0.00000E+00  0.00000E+00 -6.84825E+02  0.00000E+00  0.00000E+00  0.00000E+00  0.00000E+00  9.83129E+02  7.15917E+02
 OMEGA(4,1)    0.00000E+00  0.00000E+00  0.00000E+00  0.00000E+00  0.00000E+00  0.00000E+00  0.00000E+00  0.00000E+00  0.00000E+00  0.00000E+00  0.00000E+00  0.00000E+00  0.00000E+00  0.00000E+00  0.00000E+00  0.00000E+00  0.00000E+00  0.00000E+00  0.00000E+00  0.00000E+00  0.00000E+00  0.00000E+00  0.00000E+00  0.00000E+00
 OMEGA(4,2)    0.00000E+00  0.00000E+00  0.00000E+00  0.00000E+00  0.00000E+00  0.00000E+00  0.00000E+00  0.00000E+00  0.00000E+00  0.00000E+00  0.00000E+00  0.00000E+00  0.00000E+00  0.00000E+00  0.00000E+00  0.00000E+00  0.00000E+00  0.00000E+00  0.00000E+00  0.00000E+00  0.00000E+00  0.00000E+00  0.00000E+00  0.00000E+00
 OMEGA(4,3)   -1.18191E+03 -1.84874E+03 -6.43768E+03  1.02270E+04  9.74507E+04 -2.01695E+04  0.00000E+00  0.00000E+00  1.99286E+04  0.00000E+00  0.00000E+00  2.95717E+05  7.38664E+02  0.00000E+00  0.00000E+00  0.00000E+00  0.00000E+00 -2.08244E+03  0.00000E+00  0.00000E+00  0.00000E+00  0.00000E+00 -1.91367E+03  2.19190E+03
 OMEGA(4,4)   -3.94012E+02  1.28010E+02  8.74333E+03 -1.85182E+04 -7.91402E+03  8.31262E+03  0.00000E+00  0.00000E+00  3.41078E+03  0.00000E+00  0.00000E+00  7.38664E+02  1.34557E+05  0.00000E+00  0.00000E+00  0.00000E+00  0.00000E+00 -8.96053E+02  0.00000E+00  0.00000E+00  0.00000E+00  0.00000E+00 -5.05266E+02 -5.55244E+01
 OMEGA(5,1)    0.00000E+00  0.00000E+00  0.00000E+00  0.00000E+00  0.00000E+00  0.00000E+00  0.00000E+00  0.00000E+00  0.00000E+00  0.00000E+00  0.00000E+00  0.00000E+00  0.00000E+00  0.00000E+00  0.00000E+00  0.00000E+00  0.00000E+00  0.00000E+00  0.00000E+00  0.00000E+00  0.00000E+00  0.00000E+00  0.00000E+00  0.00000E+00
 OMEGA(5,2)    0.00000E+00  0.00000E+00  0.00000E+00  0.00000E+00  0.00000E+00  0.00000E+00  0.00000E+00  0.00000E+00  0.00000E+00  0.00000E+00  0.00000E+00  0.00000E+00  0.00000E+00  0.00000E+00  0.00000E+00  0.00000E+00  0.00000E+00  0.00000E+00  0.00000E+00  0.00000E+00  0.00000E+00  0.00000E+00  0.00000E+00  0.00000E+00
 OMEGA(5,3)    0.00000E+00  0.00000E+00  0.00000E+00  0.00000E+00  0.00000E+00  0.00000E+00  0.00000E+00  0.00000E+00  0.00000E+00  0.00000E+00  0.00000E+00  0.00000E+00  0.00000E+00  0.00000E+00  0.00000E+00  0.00000E+00  0.00000E+00  0.00000E+00  0.00000E+00  0.00000E+00  0.00000E+00  0.00000E+00  0.00000E+00  0.00000E+00
 OMEGA(5,4)    0.00000E+00  0.00000E+00  0.00000E+00  0.00000E+00  0.00000E+00  0.00000E+00  0.00000E+00  0.00000E+00  0.00000E+00  0.00000E+00  0.00000E+00  0.00000E+00  0.00000E+00  0.00000E+00  0.00000E+00  0.00000E+00  0.00000E+00  0.00000E+00  0.00000E+00  0.00000E+00  0.00000E+00  0.00000E+00  0.00000E+00  0.00000E+00
 OMEGA(5,5)   -4.70513E+02 -1.17356E+01  9.39264E+03 -1.62653E+03 -3.88590E+03  3.00262E+03  0.00000E+00  0.00000E+00 -6.84825E+02  0.00000E+00  0.00000E+00 -2.08244E+03 -8.96053E+02  0.00000E+00  0.00000E+00  0.00000E+00  0.00000E+00  1.67225E+03  0.00000E+00  0.00000E+00  0.00000E+00  0.00000E+00  1.46255E+03 -2.08771E+01
 OMEGA(6,1)    0.00000E+00  0.00000E+00  0.00000E+00  0.00000E+00  0.00000E+00  0.00000E+00  0.00000E+00  0.00000E+00  0.00000E+00  0.00000E+00  0.00000E+00  0.00000E+00  0.00000E+00  0.00000E+00  0.00000E+00  0.00000E+00  0.00000E+00  0.00000E+00  0.00000E+00  0.00000E+00  0.00000E+00  0.00000E+00  0.00000E+00  0.00000E+00
 OMEGA(6,2)    0.00000E+00  0.00000E+00  0.00000E+00  0.00000E+00  0.00000E+00  0.00000E+00  0.00000E+00  0.00000E+00  0.00000E+00  0.00000E+00  0.00000E+00  0.00000E+00  0.00000E+00  0.00000E+00  0.00000E+00  0.00000E+00  0.00000E+00  0.00000E+00  0.00000E+00  0.00000E+00  0.00000E+00  0.00000E+00  0.00000E+00  0.00000E+00
 OMEGA(6,3)    0.00000E+00  0.00000E+00  0.00000E+00  0.00000E+00  0.00000E+00  0.00000E+00  0.00000E+00  0.00000E+00  0.00000E+00  0.00000E+00  0.00000E+00  0.00000E+00  0.00000E+00  0.00000E+00  0.00000E+00  0.00000E+00  0.00000E+00  0.00000E+00  0.00000E+00  0.00000E+00  0.00000E+00  0.00000E+00  0.00000E+00  0.00000E+00
 OMEGA(6,4)    0.00000E+00  0.00000E+00  0.00000E+00  0.00000E+00  0.00000E+00  0.00000E+00  0.00000E+00  0.00000E+00  0.00000E+00  0.00000E+00  0.00000E+00  0.00000E+00  0.00000E+00  0.00000E+00  0.00000E+00  0.00000E+00  0.00000E+00  0.00000E+00  0.00000E+00  0.00000E+00  0.00000E+00  0.00000E+00  0.00000E+00  0.00000E+00
 OMEGA(6,5)   -3.11577E+02 -1.80259E+02  4.90185E+03 -1.95774E+02 -6.54658E+03  3.79970E+03  0.00000E+00  0.00000E+00  9.83129E+02  0.00000E+00  0.00000E+00 -1.91367E+03 -5.05266E+02  0.00000E+00  0.00000E+00  0.00000E+00  0.00000E+00  1.46255E+03  0.00000E+00  0.00000E+00  0.00000E+00  0.00000E+00  3.08712E+03  4.58832E+02
 OMEGA(6,6)   -2.90834E+02 -2.65209E+02  1.69317E+03 -2.66349E+02  1.94664E+03  4.06901E+03  0.00000E+00  0.00000E+00  7.15917E+02  0.00000E+00  0.00000E+00  2.19190E+03 -5.55244E+01  0.00000E+00  0.00000E+00  0.00000E+00  0.00000E+00 -2.08771E+01  0.00000E+00  0.00000E+00  0.00000E+00  0.00000E+00  4.58832E+02  1.51559E+03
