TABLE NO.     1: Iterative Two Stage (No Prior): Problem=1 Subproblem=0 Superproblem1=0 Iteration1=0 Superproblem2=0 Iteration2=0
 NAME         THETA1       THETA2       SIGMA(1,1)   OMEGA(1,1)   OMEGA(2,1)   OMEGA(2,2)   OMEGA(3,1)   OMEGA(3,2)   OMEGA(3,3)   OMEGA(4,1)   OMEGA(4,2)   OMEGA(4,3)   OMEGA(4,4)   OMEGA(5,1)   OMEGA(5,2)   OMEGA(5,3)   OMEGA(5,4)   OMEGA(5,5)   OMEGA(6,1)   OMEGA(6,2)   OMEGA(6,3)   OMEGA(6,4)   OMEGA(6,5)   OMEGA(6,6)
 THETA1        1.84606E+05 -9.20246E+03 -1.75333E+05  2.46055E+04 -1.89102E+05 -9.24386E+03  0.00000E+00  0.00000E+00 -1.75449E+03  0.00000E+00  0.00000E+00 -9.00202E+02 -6.65213E+02  0.00000E+00  0.00000E+00  0.00000E+00  0.00000E+00 -5.12745E+02  0.00000E+00  0.00000E+00  0.00000E+00  0.00000E+00 -3.10183E+02 -2.96416E+02
 THETA2       -9.20246E+03  1.69684E+05 -3.43167E+04 -8.24215E+04 -4.54202E+04 -2.13050E+04  0.00000E+00  0.00000E+00 -2.03063E+03  0.00000E+00  0.00000E+00 -1.88232E+03  7.28810E+01  0.00000E+00  0.00000E+00  0.00000E+00  0.00000E+00 -5.51239E-01  0.00000E+00  0.00000E+00  0.00000E+00  0.00000E+00 -1.55765E+02 -2.71534E+02
 SIGMA(1,1)   -1.75333E+05 -3.43167E+04  6.20853E+07  1.00227E+06  2.96303E+05  9.91163E+05  0.00000E+00  0.00000E+00 -2.63035E+04  0.00000E+00  0.00000E+00 -7.09943E+02  1.45768E+04  0.00000E+00  0.00000E+00  0.00000E+00  0.00000E+00  1.12757E+04  0.00000E+00  0.00000E+00  0.00000E+00  0.00000E+00  6.87019E+03  1.70463E+03
 OMEGA(1,1)    2.46055E+04 -8.24215E+04  1.00227E+06  8.78858E+06 -1.09936E+06  1.44287E+05  0.00000E+00  0.00000E+00 -2.66207E+04  0.00000E+00  0.00000E+00  1.10321E+04 -1.81597E+04  0.00000E+00  0.00000E+00  0.00000E+00  0.00000E+00 -1.23310E+03  0.00000E+00  0.00000E+00  0.00000E+00  0.00000E+00 -2.18707E+01 -3.95901E+02
 OMEGA(2,1)   -1.89102E+05 -4.54202E+04  2.96303E+05 -1.09936E+06  1.57303E+07 -1.03388E+04  0.00000E+00  0.00000E+00 -1.08146E+04  0.00000E+00  0.00000E+00  9.77598E+04 -1.04938E+04  0.00000E+00  0.00000E+00  0.00000E+00  0.00000E+00 -3.80063E+03  0.00000E+00  0.00000E+00  0.00000E+00  0.00000E+00 -6.41600E+03  1.87412E+03
 OMEGA(2,2)   -9.24386E+03 -2.13050E+04  9.91163E+05  1.44287E+05 -1.03388E+04  6.98753E+06  0.00000E+00  0.00000E+00  1.68276E+04  0.00000E+00  0.00000E+00 -1.91512E+04  9.19883E+03  0.00000E+00  0.00000E+00  0.00000E+00  0.00000E+00  2.99476E+03  0.00000E+00  0.00000E+00  0.00000E+00  0.00000E+00  3.79297E+03  4.14203E+03
 OMEGA(3,1)    0.00000E+00  0.00000E+00  0.00000E+00  0.00000E+00  0.00000E+00  0.00000E+00  0.00000E+00  0.00000E+00  0.00000E+00  0.00000E+00  0.00000E+00  0.00000E+00  0.00000E+00  0.00000E+00  0.00000E+00  0.00000E+00  0.00000E+00  0.00000E+00  0.00000E+00  0.00000E+00  0.00000E+00  0.00000E+00  0.00000E+00  0.00000E+00
 OMEGA(3,2)    0.00000E+00  0.00000E+00  0.00000E+00  0.00000E+00  0.00000E+00  0.00000E+00  0.00000E+00  0.00000E+00  0.00000E+00  0.00000E+00  0.00000E+00  0.00000E+00  0.00000E+00  0.00000E+00  0.00000E+00  0.00000E+00  0.00000E+00  0.00000E+00  0.00000E+00  0.00000E+00  0.00000E+00  0.00000E+00  0.00000E+00  0.00000E+00
 OMEGA(3,3)   -1.75449E+03 -2.03063E+03 -2.63035E+04 -2.66207E+04 -1.08146E+04  1.68276E+04  0.00000E+00  0.00000E+00  1.95731E+05  0.00000E+00  0.00000E+00  1.44130E+04  3.15963E+03  0.00000E+00  0.00000E+00  0.00000E+00  0.00000E+00 -7.17745E+02  0.00000E+00  0.00000E+00  0.00000E+00  0.00000E+00  1.01822E+03  7.26096E+02
 OMEGA(4,1)    0.00000E+00  0.00000E+00  0.00000E+00  0.00000E+00  0.00000E+00  0.00000E+00  0.00000E+00  0.00000E+00  0.00000E+00  0.00000E+00  0.00000E+00  0.00000E+00  0.00000E+00  0.00000E+00  0.00000E+00  0.00000E+00  0.00000E+00  0.00000E+00  0.00000E+00  0.00000E+00  0.00000E+00  0.00000E+00  0.00000E+00  0.00000E+00
 OMEGA(4,2)    0.00000E+00  0.00000E+00  0.00000E+00  0.00000E+00  0.00000E+00  0.00000E+00  0.00000E+00  0.00000E+00  0.00000E+00  0.00000E+00  0.00000E+00  0.00000E+00  0.00000E+00  0.00000E+00  0.00000E+00  0.00000E+00  0.00000E+00  0.00000E+00  0.00000E+00  0.00000E+00  0.00000E+00  0.00000E+00  0.00000E+00  0.00000E+00
 OMEGA(4,3)   -9.00202E+02 -1.88232E+03 -7.09943E+02  1.10321E+04  9.77598E+04 -1.91512E+04  0.00000E+00  0.00000E+00  1.44130E+04  0.00000E+00  0.00000E+00  3.02494E+05 -3.44742E+03  0.00000E+00  0.00000E+00  0.00000E+00  0.00000E+00 -2.13913E+03  0.00000E+00  0.00000E+00  0.00000E+00  0.00000E+00 -1.98217E+03  2.20777E+03
 OMEGA(4,4)   -6.65213E+02  7.28810E+01  1.45768E+04 -1.81597E+04 -1.04938E+04  9.19883E+03  0.00000E+00  0.00000E+00  3.15963E+03  0.00000E+00  0.00000E+00 -3.44742E+03  1.35517E+05  0.00000E+00  0.00000E+00  0.00000E+00  0.00000E+00 -8.78080E+02  0.00000E+00  0.00000E+00  0.00000E+00  0.00000E+00 -4.65214E+02 -8.39645E+01
 OMEGA(5,1)    0.00000E+00  0.00000E+00  0.00000E+00  0.00000E+00  0.00000E+00  0.00000E+00  0.00000E+00  0.00000E+00  0.00000E+00  0.00000E+00  0.00000E+00  0.00000E+00  0.00000E+00  0.00000E+00  0.00000E+00  0.00000E+00  0.00000E+00  0.00000E+00  0.00000E+00  0.00000E+00  0.00000E+00  0.00000E+00  0.00000E+00  0.00000E+00
 OMEGA(5,2)    0.00000E+00  0.00000E+00  0.00000E+00  0.00000E+00  0.00000E+00  0.00000E+00  0.00000E+00  0.00000E+00  0.00000E+00  0.00000E+00  0.00000E+00  0.00000E+00  0.00000E+00  0.00000E+00  0.00000E+00  0.00000E+00  0.00000E+00  0.00000E+00  0.00000E+00  0.00000E+00  0.00000E+00  0.00000E+00  0.00000E+00  0.00000E+00
 OMEGA(5,3)    0.00000E+00  0.00000E+00  0.00000E+00  0.00000E+00  0.00000E+00  0.00000E+00  0.00000E+00  0.00000E+00  0.00000E+00  0.00000E+00  0.00000E+00  0.00000E+00  0.00000E+00  0.00000E+00  0.00000E+00  0.00000E+00  0.00000E+00  0.00000E+00  0.00000E+00  0.00000E+00  0.00000E+00  0.00000E+00  0.00000E+00  0.00000E+00
 OMEGA(5,4)    0.00000E+00  0.00000E+00  0.00000E+00  0.00000E+00  0.00000E+00  0.00000E+00  0.00000E+00  0.00000E+00  0.00000E+00  0.00000E+00  0.00000E+00  0.00000E+00  0.00000E+00  0.00000E+00  0.00000E+00  0.00000E+00  0.00000E+00  0.00000E+00  0.00000E+00  0.00000E+00  0.00000E+00  0.00000E+00  0.00000E+00  0.00000E+00
 OMEGA(5,5)   -5.12745E+02 -5.51239E-01  1.12757E+04 -1.23310E+03 -3.80063E+03  2.99476E+03  0.00000E+00  0.00000E+00 -7.17745E+02  0.00000E+00  0.00000E+00 -2.13913E+03 -8.78080E+02  0.00000E+00  0.00000E+00  0.00000E+00  0.00000E+00  1.74080E+03  0.00000E+00  0.00000E+00  0.00000E+00  0.00000E+00  1.46647E+03 -3.94389E+01
 OMEGA(6,1)    0.00000E+00  0.00000E+00  0.00000E+00  0.00000E+00  0.00000E+00  0.00000E+00  0.00000E+00  0.00000E+00  0.00000E+00  0.00000E+00  0.00000E+00  0.00000E+00  0.00000E+00  0.00000E+00  0.00000E+00  0.00000E+00  0.00000E+00  0.00000E+00  0.00000E+00  0.00000E+00  0.00000E+00  0.00000E+00  0.00000E+00  0.00000E+00
 OMEGA(6,2)    0.00000E+00  0.00000E+00  0.00000E+00  0.00000E+00  0.00000E+00  0.00000E+00  0.00000E+00  0.00000E+00  0.00000E+00  0.00000E+00  0.00000E+00  0.00000E+00  0.00000E+00  0.00000E+00  0.00000E+00  0.00000E+00  0.00000E+00  0.00000E+00  0.00000E+00  0.00000E+00  0.00000E+00  0.00000E+00  0.00000E+00  0.00000E+00
 OMEGA(6,3)    0.00000E+00  0.00000E+00  0.00000E+00  0.00000E+00  0.00000E+00  0.00000E+00  0.00000E+00  0.00000E+00  0.00000E+00  0.00000E+00  0.00000E+00  0.00000E+00  0.00000E+00  0.00000E+00  0.00000E+00  0.00000E+00  0.00000E+00  0.00000E+00  0.00000E+00  0.00000E+00  0.00000E+00  0.00000E+00  0.00000E+00  0.00000E+00
 OMEGA(6,4)    0.00000E+00  0.00000E+00  0.00000E+00  0.00000E+00  0.00000E+00  0.00000E+00  0.00000E+00  0.00000E+00  0.00000E+00  0.00000E+00  0.00000E+00  0.00000E+00  0.00000E+00  0.00000E+00  0.00000E+00  0.00000E+00  0.00000E+00  0.00000E+00  0.00000E+00  0.00000E+00  0.00000E+00  0.00000E+00  0.00000E+00  0.00000E+00
 OMEGA(6,5)   -3.10183E+02 -1.55765E+02  6.87019E+03 -2.18707E+01 -6.41600E+03  3.79297E+03  0.00000E+00  0.00000E+00  1.01822E+03  0.00000E+00  0.00000E+00 -1.98217E+03 -4.65214E+02  0.00000E+00  0.00000E+00  0.00000E+00  0.00000E+00  1.46647E+03  0.00000E+00  0.00000E+00  0.00000E+00  0.00000E+00  3.09736E+03  4.26862E+02
 OMEGA(6,6)   -2.96416E+02 -2.71534E+02  1.70463E+03 -3.95901E+02  1.87412E+03  4.14203E+03  0.00000E+00  0.00000E+00  7.26096E+02  0.00000E+00  0.00000E+00  2.20777E+03 -8.39645E+01  0.00000E+00  0.00000E+00  0.00000E+00  0.00000E+00 -3.94389E+01  0.00000E+00  0.00000E+00  0.00000E+00  0.00000E+00  4.26862E+02  1.51750E+03
TABLE NO.     2: MCMC Bayesian Analysis: Problem=1 Subproblem=0 Superproblem1=0 Iteration1=0 Superproblem2=0 Iteration2=0
 NAME         THETA1       THETA2       SIGMA(1,1)   OMEGA(1,1)   OMEGA(2,1)   OMEGA(2,2)   OMEGA(3,1)   OMEGA(3,2)   OMEGA(3,3)   OMEGA(4,1)   OMEGA(4,2)   OMEGA(4,3)   OMEGA(4,4)   OMEGA(5,1)   OMEGA(5,2)   OMEGA(5,3)   OMEGA(5,4)   OMEGA(5,5)   OMEGA(6,1)   OMEGA(6,2)   OMEGA(6,3)   OMEGA(6,4)   OMEGA(6,5)   OMEGA(6,6)
 THETA1        2.14129E+05 -1.26535E+04  1.21218E+05  6.94492E+04 -9.12369E+04  5.35575E+04  0.00000E+00  0.00000E+00 -4.66332E+03  0.00000E+00  0.00000E+00 -3.42072E+03  5.47141E+03  0.00000E+00  0.00000E+00  0.00000E+00  0.00000E+00  7.16386E+02  0.00000E+00  0.00000E+00  0.00000E+00  0.00000E+00 -2.38920E+02 -8.15996E+01
 THETA2       -1.26535E+04  1.74305E+05 -9.96472E+04 -4.59243E+04 -1.95101E+04  3.65787E+04  0.00000E+00  0.00000E+00  2.33824E+03  0.00000E+00  0.00000E+00 -5.98539E+03  6.87402E+03  0.00000E+00  0.00000E+00  0.00000E+00  0.00000E+00 -1.05236E+02  0.00000E+00  0.00000E+00  0.00000E+00  0.00000E+00  1.54140E+03  1.71463E+02
 SIGMA(1,1)    1.21218E+05 -9.96472E+04  6.33855E+07  1.38832E+06  6.26317E+05 -2.63010E+04  0.00000E+00  0.00000E+00 -2.18069E+05  0.00000E+00  0.00000E+00 -2.21510E+05 -1.12691E+05  0.00000E+00  0.00000E+00  0.00000E+00  0.00000E+00 -5.64030E+03  0.00000E+00  0.00000E+00  0.00000E+00  0.00000E+00 -2.06833E+03  7.15134E+03
 OMEGA(1,1)    6.94492E+04 -4.59243E+04  1.38832E+06  7.80297E+06 -8.66507E+05  3.37024E+05  0.00000E+00  0.00000E+00 -6.64754E+03  0.00000E+00  0.00000E+00  6.50222E+04  1.69853E+04  0.00000E+00  0.00000E+00  0.00000E+00  0.00000E+00  1.60010E+03  0.00000E+00  0.00000E+00  0.00000E+00  0.00000E+00  4.63550E+03 -2.65212E+03
 OMEGA(2,1)   -9.12369E+04 -1.95101E+04  6.26317E+05 -8.66507E+05  1.34312E+07 -3.94724E+05  0.00000E+00  0.00000E+00 -2.19312E+04  0.00000E+00  0.00000E+00  3.90781E+04 -4.55205E+04  0.00000E+00  0.00000E+00  0.00000E+00  0.00000E+00  2.64473E+03  0.00000E+00  0.00000E+00  0.00000E+00  0.00000E+00  3.31610E+03 -3.32317E+03
 OMEGA(2,2)    5.35575E+04  3.65787E+04 -2.63010E+04  3.37024E+05 -3.94724E+05  6.06817E+06  0.00000E+00  0.00000E+00  1.40137E+04  0.00000E+00  0.00000E+00  2.09751E+04  1.33946E+04  0.00000E+00  0.00000E+00  0.00000E+00  0.00000E+00 -6.23115E+02  0.00000E+00  0.00000E+00  0.00000E+00  0.00000E+00 -8.18941E+03 -7.82570E+03
 OMEGA(3,1)    0.00000E+00  0.00000E+00  0.00000E+00  0.00000E+00  0.00000E+00  0.00000E+00  0.00000E+00  0.00000E+00  0.00000E+00  0.00000E+00  0.00000E+00  0.00000E+00  0.00000E+00  0.00000E+00  0.00000E+00  0.00000E+00  0.00000E+00  0.00000E+00  0.00000E+00  0.00000E+00  0.00000E+00  0.00000E+00  0.00000E+00  0.00000E+00
 OMEGA(3,2)    0.00000E+00  0.00000E+00  0.00000E+00  0.00000E+00  0.00000E+00  0.00000E+00  0.00000E+00  0.00000E+00  0.00000E+00  0.00000E+00  0.00000E+00  0.00000E+00  0.00000E+00  0.00000E+00  0.00000E+00  0.00000E+00  0.00000E+00  0.00000E+00  0.00000E+00  0.00000E+00  0.00000E+00  0.00000E+00  0.00000E+00  0.00000E+00
 OMEGA(3,3)   -4.66332E+03  2.33824E+03 -2.18069E+05 -6.64754E+03 -2.19312E+04  1.40137E+04  0.00000E+00  0.00000E+00  1.49292E+05  0.00000E+00  0.00000E+00 -1.47585E+04  2.20922E+03  0.00000E+00  0.00000E+00  0.00000E+00  0.00000E+00  3.69951E+02  0.00000E+00  0.00000E+00  0.00000E+00  0.00000E+00  4.59517E+02  5.26110E+02
 OMEGA(4,1)    0.00000E+00  0.00000E+00  0.00000E+00  0.00000E+00  0.00000E+00  0.00000E+00  0.00000E+00  0.00000E+00  0.00000E+00  0.00000E+00  0.00000E+00  0.00000E+00  0.00000E+00  0.00000E+00  0.00000E+00  0.00000E+00  0.00000E+00  0.00000E+00  0.00000E+00  0.00000E+00  0.00000E+00  0.00000E+00  0.00000E+00  0.00000E+00
 OMEGA(4,2)    0.00000E+00  0.00000E+00  0.00000E+00  0.00000E+00  0.00000E+00  0.00000E+00  0.00000E+00  0.00000E+00  0.00000E+00  0.00000E+00  0.00000E+00  0.00000E+00  0.00000E+00  0.00000E+00  0.00000E+00  0.00000E+00  0.00000E+00  0.00000E+00  0.00000E+00  0.00000E+00  0.00000E+00  0.00000E+00  0.00000E+00  0.00000E+00
 OMEGA(4,3)   -3.42072E+03 -5.98539E+03 -2.21510E+05  6.50222E+04  3.90781E+04  2.09751E+04  0.00000E+00  0.00000E+00 -1.47585E+04  0.00000E+00  0.00000E+00  2.73863E+05 -1.64570E+04  0.00000E+00  0.00000E+00  0.00000E+00  0.00000E+00 -5.74362E+02  0.00000E+00  0.00000E+00  0.00000E+00  0.00000E+00 -1.59322E+03 -1.63620E+02
 OMEGA(4,4)    5.47141E+03  6.87402E+03 -1.12691E+05  1.69853E+04 -4.55205E+04  1.33946E+04  0.00000E+00  0.00000E+00  2.20922E+03  0.00000E+00  0.00000E+00 -1.64570E+04  1.21408E+05  0.00000E+00  0.00000E+00  0.00000E+00  0.00000E+00 -1.59743E+02  0.00000E+00  0.00000E+00  0.00000E+00  0.00000E+00  8.79286E+01  9.86656E+01
 OMEGA(5,1)    0.00000E+00  0.00000E+00  0.00000E+00  0.00000E+00  0.00000E+00  0.00000E+00  0.00000E+00  0.00000E+00  0.00000E+00  0.00000E+00  0.00000E+00  0.00000E+00  0.00000E+00  0.00000E+00  0.00000E+00  0.00000E+00  0.00000E+00  0.00000E+00  0.00000E+00  0.00000E+00  0.00000E+00  0.00000E+00  0.00000E+00  0.00000E+00
 OMEGA(5,2)    0.00000E+00  0.00000E+00  0.00000E+00  0.00000E+00  0.00000E+00  0.00000E+00  0.00000E+00  0.00000E+00  0.00000E+00  0.00000E+00  0.00000E+00  0.00000E+00  0.00000E+00  0.00000E+00  0.00000E+00  0.00000E+00  0.00000E+00  0.00000E+00  0.00000E+00  0.00000E+00  0.00000E+00  0.00000E+00  0.00000E+00  0.00000E+00
 OMEGA(5,3)    0.00000E+00  0.00000E+00  0.00000E+00  0.00000E+00  0.00000E+00  0.00000E+00  0.00000E+00  0.00000E+00  0.00000E+00  0.00000E+00  0.00000E+00  0.00000E+00  0.00000E+00  0.00000E+00  0.00000E+00  0.00000E+00  0.00000E+00  0.00000E+00  0.00000E+00  0.00000E+00  0.00000E+00  0.00000E+00  0.00000E+00  0.00000E+00
 OMEGA(5,4)    0.00000E+00  0.00000E+00  0.00000E+00  0.00000E+00  0.00000E+00  0.00000E+00  0.00000E+00  0.00000E+00  0.00000E+00  0.00000E+00  0.00000E+00  0.00000E+00  0.00000E+00  0.00000E+00  0.00000E+00  0.00000E+00  0.00000E+00  0.00000E+00  0.00000E+00  0.00000E+00  0.00000E+00  0.00000E+00  0.00000E+00  0.00000E+00
 OMEGA(5,5)    7.16386E+02 -1.05236E+02 -5.64030E+03  1.60010E+03  2.64473E+03 -6.23115E+02  0.00000E+00  0.00000E+00  3.69951E+02  0.00000E+00  0.00000E+00 -5.74362E+02 -1.59743E+02  0.00000E+00  0.00000E+00  0.00000E+00  0.00000E+00  1.02265E+03  0.00000E+00  0.00000E+00  0.00000E+00  0.00000E+00  4.02302E+02 -4.06900E+01
 OMEGA(6,1)    0.00000E+00  0.00000E+00  0.00000E+00  0.00000E+00  0.00000E+00  0.00000E+00  0.00000E+00  0.00000E+00  0.00000E+00  0.00000E+00  0.00000E+00  0.00000E+00  0.00000E+00  0.00000E+00  0.00000E+00  0.00000E+00  0.00000E+00  0.00000E+00  0.00000E+00  0.00000E+00  0.00000E+00  0.00000E+00  0.00000E+00  0.00000E+00
 OMEGA(6,2)    0.00000E+00  0.00000E+00  0.00000E+00  0.00000E+00  0.00000E+00  0.00000E+00  0.00000E+00  0.00000E+00  0.00000E+00  0.00000E+00  0.00000E+00  0.00000E+00  0.00000E+00  0.00000E+00  0.00000E+00  0.00000E+00  0.00000E+00  0.00000E+00  0.00000E+00  0.00000E+00  0.00000E+00  0.00000E+00  0.00000E+00  0.00000E+00
 OMEGA(6,3)    0.00000E+00  0.00000E+00  0.00000E+00  0.00000E+00  0.00000E+00  0.00000E+00  0.00000E+00  0.00000E+00  0.00000E+00  0.00000E+00  0.00000E+00  0.00000E+00  0.00000E+00  0.00000E+00  0.00000E+00  0.00000E+00  0.00000E+00  0.00000E+00  0.00000E+00  0.00000E+00  0.00000E+00  0.00000E+00  0.00000E+00  0.00000E+00
 OMEGA(6,4)    0.00000E+00  0.00000E+00  0.00000E+00  0.00000E+00  0.00000E+00  0.00000E+00  0.00000E+00  0.00000E+00  0.00000E+00  0.00000E+00  0.00000E+00  0.00000E+00  0.00000E+00  0.00000E+00  0.00000E+00  0.00000E+00  0.00000E+00  0.00000E+00  0.00000E+00  0.00000E+00  0.00000E+00  0.00000E+00  0.00000E+00  0.00000E+00
 OMEGA(6,5)   -2.38920E+02  1.54140E+03 -2.06833E+03  4.63550E+03  3.31610E+03 -8.18941E+03  0.00000E+00  0.00000E+00  4.59517E+02  0.00000E+00  0.00000E+00 -1.59322E+03  8.79286E+01  0.00000E+00  0.00000E+00  0.00000E+00  0.00000E+00  4.02302E+02  0.00000E+00  0.00000E+00  0.00000E+00  0.00000E+00  2.56870E+03  4.30419E+02
 OMEGA(6,6)   -8.15996E+01  1.71463E+02  7.15134E+03 -2.65212E+03 -3.32317E+03 -7.82570E+03  0.00000E+00  0.00000E+00  5.26110E+02  0.00000E+00  0.00000E+00 -1.63620E+02  9.86656E+01  0.00000E+00  0.00000E+00  0.00000E+00  0.00000E+00 -4.06900E+01  0.00000E+00  0.00000E+00  0.00000E+00  0.00000E+00  4.30419E+02  1.36974E+03
