TABLE NO.     1: Iterative Two Stage: Problem=1 Subproblem=0 Superproblem1=0 Iteration1=0 Superproblem2=0 Iteration2=0
 NAME         THETA1       THETA2       THETA3       SIGMA(1,1)   OMEGA(1,1)   OMEGA(2,1)   OMEGA(2,2)   OMEGA(3,1)   OMEGA(3,2)   OMEGA(3,3)   OMEGA(4,1)   OMEGA(4,2)   OMEGA(4,3)   OMEGA(4,4)   OMEGA(5,1)   OMEGA(5,2)   OMEGA(5,3)   OMEGA(5,4)   OMEGA(5,5)   OMEGA(6,1)   OMEGA(6,2)   OMEGA(6,3)   OMEGA(6,4)   OMEGA(6,5)   OMEGA(6,6)
 THETA1        5.72160E-03  5.46290E-02  8.92845E-02  1.19379E-02 -6.70912E-02  5.21340E-02 -1.60494E-04  1.81322E-01  1.94632E-02  2.74833E-02  0.00000E+00  0.00000E+00  0.00000E+00  3.57889E-02  0.00000E+00  0.00000E+00  0.00000E+00  1.00551E-02  4.07788E-04  0.00000E+00  0.00000E+00  0.00000E+00  1.77410E-02  1.50191E-02 -2.14096E-03
 THETA2        5.46290E-02  3.66867E-03  1.07787E-01 -2.58554E-03  3.52810E-02 -9.74586E-03  1.43345E-01  2.02494E-02 -2.75457E-02  4.52838E-02  0.00000E+00  0.00000E+00  0.00000E+00  1.55852E-02  0.00000E+00  0.00000E+00  0.00000E+00  1.54281E-02 -6.37310E-03  0.00000E+00  0.00000E+00  0.00000E+00  2.04789E-02  8.02806E-03  1.38146E-02
 THETA3        8.92845E-02  1.07787E-01  3.64392E-03  1.51956E-02  6.12139E-02  1.43364E-02 -1.78525E-02  2.25237E-02  5.07486E-02  3.01244E-03  0.00000E+00  0.00000E+00  0.00000E+00  8.49783E-03  0.00000E+00  0.00000E+00  0.00000E+00  1.08640E-02  3.31960E-04  0.00000E+00  0.00000E+00  0.00000E+00  1.24883E-02  2.29805E-03  5.80463E-03
 SIGMA(1,1)    1.19379E-02 -2.58554E-03  1.51956E-02  5.56266E-05 -6.42151E-02 -1.32674E-02 -5.44980E-02 -6.90358E-02 -6.60560E-02 -7.31882E-02  0.00000E+00  0.00000E+00  0.00000E+00  4.81227E-02  0.00000E+00  0.00000E+00  0.00000E+00 -9.48875E-03  5.60835E-02  0.00000E+00  0.00000E+00  0.00000E+00  2.47149E-02  2.66288E-03 -7.33557E-03
 OMEGA(1,1)   -6.70912E-02  3.52810E-02  6.12139E-02 -6.42151E-02  9.16282E-04  6.57644E-02  1.40851E-02  1.07746E-01  3.42649E-02  8.10148E-02  0.00000E+00  0.00000E+00  0.00000E+00 -6.40784E-02  0.00000E+00  0.00000E+00  0.00000E+00  3.15807E-02 -1.97494E-02  0.00000E+00  0.00000E+00  0.00000E+00 -3.18261E-03 -1.08386E-02  1.10503E-02
 OMEGA(2,1)    5.21340E-02 -9.74586E-03  1.43364E-02 -1.32674E-02  6.57644E-02  5.44046E-04  6.26328E-02  1.57745E-01  1.26783E-01  4.55833E-02  0.00000E+00  0.00000E+00  0.00000E+00  2.69342E-02  0.00000E+00  0.00000E+00  0.00000E+00 -1.45610E-02  1.78680E-02  0.00000E+00  0.00000E+00  0.00000E+00  4.15262E-03 -7.54363E-03 -2.90142E-02
 OMEGA(2,2)   -1.60494E-04  1.43345E-01 -1.78525E-02 -5.44980E-02  1.40851E-02  6.26328E-02  5.23127E-04  3.58016E-02  2.00740E-01  5.51980E-02  0.00000E+00  0.00000E+00  0.00000E+00  2.36030E-02  0.00000E+00  0.00000E+00  0.00000E+00  1.37342E-02 -8.82577E-03  0.00000E+00  0.00000E+00  0.00000E+00  4.68668E-02  1.28865E-02  3.93593E-02
 OMEGA(3,1)    1.81322E-01  2.02494E-02  2.25237E-02 -6.90358E-02  1.07746E-01  1.57745E-01  3.58016E-02  6.90209E-04  1.04701E-01  2.01654E-01  0.00000E+00  0.00000E+00  0.00000E+00  2.59391E-02  0.00000E+00  0.00000E+00  0.00000E+00  4.61843E-02 -6.79643E-02  0.00000E+00  0.00000E+00  0.00000E+00 -2.98649E-03  1.01877E-02 -2.15585E-02
 OMEGA(3,2)    1.94632E-02 -2.75457E-02  5.07486E-02 -6.60560E-02  3.42649E-02  1.26783E-01  2.00740E-01  1.04701E-01  3.84773E-04  1.27495E-01  0.00000E+00  0.00000E+00  0.00000E+00 -3.79094E-02  0.00000E+00  0.00000E+00  0.00000E+00 -2.54077E-02  4.12353E-02  0.00000E+00  0.00000E+00  0.00000E+00 -2.46837E-02 -3.79278E-02 -1.71639E-02
 OMEGA(3,3)    2.74833E-02  4.52838E-02  3.01244E-03 -7.31882E-02  8.10148E-02  4.55833E-02  5.51980E-02  2.01654E-01  1.27495E-01  5.26612E-04  0.00000E+00  0.00000E+00  0.00000E+00 -1.55058E-02  0.00000E+00  0.00000E+00  0.00000E+00  2.80618E-02  5.78406E-03  0.00000E+00  0.00000E+00  0.00000E+00 -4.06232E-02 -2.10691E-03 -2.92257E-02
 OMEGA(4,1)    0.00000E+00  0.00000E+00  0.00000E+00  0.00000E+00  0.00000E+00  0.00000E+00  0.00000E+00  0.00000E+00  0.00000E+00  0.00000E+00  0.00000E+00  0.00000E+00  0.00000E+00  0.00000E+00  0.00000E+00  0.00000E+00  0.00000E+00  0.00000E+00  0.00000E+00  0.00000E+00  0.00000E+00  0.00000E+00  0.00000E+00  0.00000E+00  0.00000E+00
 OMEGA(4,2)    0.00000E+00  0.00000E+00  0.00000E+00  0.00000E+00  0.00000E+00  0.00000E+00  0.00000E+00  0.00000E+00  0.00000E+00  0.00000E+00  0.00000E+00  0.00000E+00  0.00000E+00  0.00000E+00  0.00000E+00  0.00000E+00  0.00000E+00  0.00000E+00  0.00000E+00  0.00000E+00  0.00000E+00  0.00000E+00  0.00000E+00  0.00000E+00  0.00000E+00
 OMEGA(4,3)    0.00000E+00  0.00000E+00  0.00000E+00  0.00000E+00  0.00000E+00  0.00000E+00  0.00000E+00  0.00000E+00  0.00000E+00  0.00000E+00  0.00000E+00  0.00000E+00  0.00000E+00  0.00000E+00  0.00000E+00  0.00000E+00  0.00000E+00  0.00000E+00  0.00000E+00  0.00000E+00  0.00000E+00  0.00000E+00  0.00000E+00  0.00000E+00  0.00000E+00
 OMEGA(4,4)    3.57889E-02  1.55852E-02  8.49783E-03  4.81227E-02 -6.40784E-02  2.69342E-02  2.36030E-02  2.59391E-02 -3.79094E-02 -1.55058E-02  0.00000E+00  0.00000E+00  0.00000E+00  1.16142E-02  0.00000E+00  0.00000E+00  0.00000E+00 -1.53411E-01  1.70846E-01  0.00000E+00  0.00000E+00  0.00000E+00  7.04004E-01 -2.80165E-01  5.26824E-01
 OMEGA(5,1)    0.00000E+00  0.00000E+00  0.00000E+00  0.00000E+00  0.00000E+00  0.00000E+00  0.00000E+00  0.00000E+00  0.00000E+00  0.00000E+00  0.00000E+00  0.00000E+00  0.00000E+00  0.00000E+00  0.00000E+00  0.00000E+00  0.00000E+00  0.00000E+00  0.00000E+00  0.00000E+00  0.00000E+00  0.00000E+00  0.00000E+00  0.00000E+00  0.00000E+00
 OMEGA(5,2)    0.00000E+00  0.00000E+00  0.00000E+00  0.00000E+00  0.00000E+00  0.00000E+00  0.00000E+00  0.00000E+00  0.00000E+00  0.00000E+00  0.00000E+00  0.00000E+00  0.00000E+00  0.00000E+00  0.00000E+00  0.00000E+00  0.00000E+00  0.00000E+00  0.00000E+00  0.00000E+00  0.00000E+00  0.00000E+00  0.00000E+00  0.00000E+00  0.00000E+00
 OMEGA(5,3)    0.00000E+00  0.00000E+00  0.00000E+00  0.00000E+00  0.00000E+00  0.00000E+00  0.00000E+00  0.00000E+00  0.00000E+00  0.00000E+00  0.00000E+00  0.00000E+00  0.00000E+00  0.00000E+00  0.00000E+00  0.00000E+00  0.00000E+00  0.00000E+00  0.00000E+00  0.00000E+00  0.00000E+00  0.00000E+00  0.00000E+00  0.00000E+00  0.00000E+00
 OMEGA(5,4)    1.00551E-02  1.54281E-02  1.08640E-02 -9.48875E-03  3.15807E-02 -1.45610E-02  1.37342E-02  4.61843E-02 -2.54077E-02  2.80618E-02  0.00000E+00  0.00000E+00  0.00000E+00 -1.53411E-01  0.00000E+00  0.00000E+00  0.00000E+00  1.01361E-02 -5.27569E-01  0.00000E+00  0.00000E+00  0.00000E+00 -3.17688E-01  7.78605E-01 -3.09067E-01
 OMEGA(5,5)    4.07788E-04 -6.37310E-03  3.31960E-04  5.60835E-02 -1.97494E-02  1.78680E-02 -8.82577E-03 -6.79643E-02  4.12353E-02  5.78406E-03  0.00000E+00  0.00000E+00  0.00000E+00  1.70846E-01  0.00000E+00  0.00000E+00  0.00000E+00 -5.27569E-01  1.53397E-02  0.00000E+00  0.00000E+00  0.00000E+00  1.14035E-01 -4.24707E-01  4.84672E-02
 OMEGA(6,1)    0.00000E+00  0.00000E+00  0.00000E+00  0.00000E+00  0.00000E+00  0.00000E+00  0.00000E+00  0.00000E+00  0.00000E+00  0.00000E+00  0.00000E+00  0.00000E+00  0.00000E+00  0.00000E+00  0.00000E+00  0.00000E+00  0.00000E+00  0.00000E+00  0.00000E+00  0.00000E+00  0.00000E+00  0.00000E+00  0.00000E+00  0.00000E+00  0.00000E+00
 OMEGA(6,2)    0.00000E+00  0.00000E+00  0.00000E+00  0.00000E+00  0.00000E+00  0.00000E+00  0.00000E+00  0.00000E+00  0.00000E+00  0.00000E+00  0.00000E+00  0.00000E+00  0.00000E+00  0.00000E+00  0.00000E+00  0.00000E+00  0.00000E+00  0.00000E+00  0.00000E+00  0.00000E+00  0.00000E+00  0.00000E+00  0.00000E+00  0.00000E+00  0.00000E+00
 OMEGA(6,3)    0.00000E+00  0.00000E+00  0.00000E+00  0.00000E+00  0.00000E+00  0.00000E+00  0.00000E+00  0.00000E+00  0.00000E+00  0.00000E+00  0.00000E+00  0.00000E+00  0.00000E+00  0.00000E+00  0.00000E+00  0.00000E+00  0.00000E+00  0.00000E+00  0.00000E+00  0.00000E+00  0.00000E+00  0.00000E+00  0.00000E+00  0.00000E+00  0.00000E+00
 OMEGA(6,4)    1.77410E-02  2.04789E-02  1.24883E-02  2.47149E-02 -3.18261E-03  4.15262E-03  4.68668E-02 -2.98649E-03 -2.46837E-02 -4.06232E-02  0.00000E+00  0.00000E+00  0.00000E+00  7.04004E-01  0.00000E+00  0.00000E+00  0.00000E+00 -3.17688E-01  1.14035E-01  0.00000E+00  0.00000E+00  0.00000E+00  1.63731E-02 -5.26311E-01  8.97299E-01
 OMEGA(6,5)    1.50191E-02  8.02806E-03  2.29805E-03  2.66288E-03 -1.08386E-02 -7.54363E-03  1.28865E-02  1.01877E-02 -3.79278E-02 -2.10691E-03  0.00000E+00  0.00000E+00  0.00000E+00 -2.80165E-01  0.00000E+00  0.00000E+00  0.00000E+00  7.78605E-01 -4.24707E-01  0.00000E+00  0.00000E+00  0.00000E+00 -5.26311E-01  1.19893E-02 -5.78977E-01
 OMEGA(6,6)   -2.14096E-03  1.38146E-02  5.80463E-03 -7.33557E-03  1.10503E-02 -2.90142E-02  3.93593E-02 -2.15585E-02 -1.71639E-02 -2.92257E-02  0.00000E+00  0.00000E+00  0.00000E+00  5.26824E-01  0.00000E+00  0.00000E+00  0.00000E+00 -3.09067E-01  4.84672E-02  0.00000E+00  0.00000E+00  0.00000E+00  8.97299E-01 -5.78977E-01  2.89760E-02
TABLE NO.     2: Importance Sampling: Problem=1 Subproblem=0 Superproblem1=0 Iteration1=0 Superproblem2=0 Iteration2=0
 NAME         THETA1       THETA2       THETA3       SIGMA(1,1)   OMEGA(1,1)   OMEGA(2,1)   OMEGA(2,2)   OMEGA(3,1)   OMEGA(3,2)   OMEGA(3,3)   OMEGA(4,1)   OMEGA(4,2)   OMEGA(4,3)   OMEGA(4,4)   OMEGA(5,1)   OMEGA(5,2)   OMEGA(5,3)   OMEGA(5,4)   OMEGA(5,5)   OMEGA(6,1)   OMEGA(6,2)   OMEGA(6,3)   OMEGA(6,4)   OMEGA(6,5)   OMEGA(6,6)
 THETA1        5.57392E-03  5.77151E-02  8.99024E-02  6.09702E-03 -2.88981E-03 -1.64728E-02  2.11556E-03  3.06059E-02 -2.39291E-03  7.96983E-04  0.00000E+00  0.00000E+00  0.00000E+00  2.70741E-02  0.00000E+00  0.00000E+00  0.00000E+00  9.07284E-03  8.32799E-03  0.00000E+00  0.00000E+00  0.00000E+00  1.94709E-02  1.53153E-02  4.72248E-03
 THETA2        5.77151E-02  3.58212E-03  1.13226E-01  1.25037E-02 -5.83140E-04 -4.06839E-03  5.98708E-03  2.90989E-04 -4.94832E-04 -2.43502E-04  0.00000E+00  0.00000E+00  0.00000E+00  1.35908E-02  0.00000E+00  0.00000E+00  0.00000E+00  8.88169E-03 -7.26961E-04  0.00000E+00  0.00000E+00  0.00000E+00  1.46625E-02  3.82089E-03  8.21969E-03
 THETA3        8.99024E-02  1.13226E-01  3.59569E-03  1.40151E-02 -2.82302E-04 -1.42191E-03  2.18893E-03 -2.53554E-03  3.03754E-04  7.51829E-04  0.00000E+00  0.00000E+00  0.00000E+00  1.51543E-02  0.00000E+00  0.00000E+00  0.00000E+00  1.05018E-02 -1.63182E-04  0.00000E+00  0.00000E+00  0.00000E+00  1.56517E-02  5.13125E-03  8.22363E-03
 SIGMA(1,1)    6.09702E-03  1.25037E-02  1.40151E-02  5.50840E-05 -5.10062E-02 -2.12012E-02 -1.63254E-02 -2.78655E-02 -2.60500E-02 -2.16182E-02  0.00000E+00  0.00000E+00  0.00000E+00  4.76920E-02  0.00000E+00  0.00000E+00  0.00000E+00  6.74325E-04  5.07305E-02  0.00000E+00  0.00000E+00  0.00000E+00  2.46663E-02  6.75277E-03 -7.32556E-03
 OMEGA(1,1)   -2.88981E-03 -5.83140E-04 -2.82302E-04 -5.10062E-02  8.86685E-04  1.17615E-01  6.04062E-03  1.82944E-01  1.46282E-02  1.23720E-02  0.00000E+00  0.00000E+00  0.00000E+00 -5.56305E-02  0.00000E+00  0.00000E+00  0.00000E+00  3.12505E-02 -2.17390E-02  0.00000E+00  0.00000E+00  0.00000E+00  8.35170E-04 -9.66016E-03  9.46257E-03
 OMEGA(2,1)   -1.64728E-02 -4.06839E-03 -1.42191E-03 -2.12012E-02  1.17615E-01  5.42750E-04  8.43737E-02  1.25205E-01  9.49528E-02  1.27909E-02  0.00000E+00  0.00000E+00  0.00000E+00  2.17574E-02  0.00000E+00  0.00000E+00  0.00000E+00 -1.12404E-02  1.43476E-02  0.00000E+00  0.00000E+00  0.00000E+00  5.28324E-03 -4.01244E-03 -2.57966E-02
 OMEGA(2,2)    2.11556E-03  5.98708E-03  2.18893E-03 -1.63254E-02  6.04062E-03  8.43737E-02  5.15032E-04  7.53272E-03  1.53838E-01  7.67848E-03  0.00000E+00  0.00000E+00  0.00000E+00  2.70352E-02  0.00000E+00  0.00000E+00  0.00000E+00  1.17914E-02 -8.18024E-03  0.00000E+00  0.00000E+00  0.00000E+00  4.89852E-02  1.47987E-02  3.92185E-02
 OMEGA(3,1)    3.06059E-02  2.90989E-04 -2.53554E-03 -2.78655E-02  1.82944E-01  1.25205E-01  7.53272E-03  6.10658E-04  5.88330E-02  1.09951E-01  0.00000E+00  0.00000E+00  0.00000E+00  6.86552E-03  0.00000E+00  0.00000E+00  0.00000E+00  4.48387E-02 -6.08608E-02  0.00000E+00  0.00000E+00  0.00000E+00 -8.09008E-03  1.05977E-02 -2.08105E-02
 OMEGA(3,2)   -2.39291E-03 -4.94832E-04  3.03754E-04 -2.60500E-02  1.46282E-02  9.49528E-02  1.53838E-01  5.88330E-02  3.67486E-04  1.61715E-01  0.00000E+00  0.00000E+00  0.00000E+00 -4.00293E-02  0.00000E+00  0.00000E+00  0.00000E+00 -2.63522E-02  4.55864E-02  0.00000E+00  0.00000E+00  0.00000E+00 -2.84966E-02 -3.71626E-02 -1.95846E-02
 OMEGA(3,3)    7.96983E-04 -2.43502E-04  7.51829E-04 -2.16182E-02  1.23720E-02  1.27909E-02  7.67848E-03  1.09951E-01  1.61715E-01  5.17667E-04  0.00000E+00  0.00000E+00  0.00000E+00 -1.96181E-02  0.00000E+00  0.00000E+00  0.00000E+00  2.02425E-02  1.86210E-02  0.00000E+00  0.00000E+00  0.00000E+00 -4.53909E-02 -4.77294E-03 -3.20179E-02
 OMEGA(4,1)    0.00000E+00  0.00000E+00  0.00000E+00  0.00000E+00  0.00000E+00  0.00000E+00  0.00000E+00  0.00000E+00  0.00000E+00  0.00000E+00  0.00000E+00  0.00000E+00  0.00000E+00  0.00000E+00  0.00000E+00  0.00000E+00  0.00000E+00  0.00000E+00  0.00000E+00  0.00000E+00  0.00000E+00  0.00000E+00  0.00000E+00  0.00000E+00  0.00000E+00
 OMEGA(4,2)    0.00000E+00  0.00000E+00  0.00000E+00  0.00000E+00  0.00000E+00  0.00000E+00  0.00000E+00  0.00000E+00  0.00000E+00  0.00000E+00  0.00000E+00  0.00000E+00  0.00000E+00  0.00000E+00  0.00000E+00  0.00000E+00  0.00000E+00  0.00000E+00  0.00000E+00  0.00000E+00  0.00000E+00  0.00000E+00  0.00000E+00  0.00000E+00  0.00000E+00
 OMEGA(4,3)    0.00000E+00  0.00000E+00  0.00000E+00  0.00000E+00  0.00000E+00  0.00000E+00  0.00000E+00  0.00000E+00  0.00000E+00  0.00000E+00  0.00000E+00  0.00000E+00  0.00000E+00  0.00000E+00  0.00000E+00  0.00000E+00  0.00000E+00  0.00000E+00  0.00000E+00  0.00000E+00  0.00000E+00  0.00000E+00  0.00000E+00  0.00000E+00  0.00000E+00
 OMEGA(4,4)    2.70741E-02  1.35908E-02  1.51543E-02  4.76920E-02 -5.56305E-02  2.17574E-02  2.70352E-02  6.86552E-03 -4.00293E-02 -1.96181E-02  0.00000E+00  0.00000E+00  0.00000E+00  1.15986E-02  0.00000E+00  0.00000E+00  0.00000E+00 -1.51019E-01  1.70071E-01  0.00000E+00  0.00000E+00  0.00000E+00  7.06416E-01 -2.80221E-01  5.31179E-01
 OMEGA(5,1)    0.00000E+00  0.00000E+00  0.00000E+00  0.00000E+00  0.00000E+00  0.00000E+00  0.00000E+00  0.00000E+00  0.00000E+00  0.00000E+00  0.00000E+00  0.00000E+00  0.00000E+00  0.00000E+00  0.00000E+00  0.00000E+00  0.00000E+00  0.00000E+00  0.00000E+00  0.00000E+00  0.00000E+00  0.00000E+00  0.00000E+00  0.00000E+00  0.00000E+00
 OMEGA(5,2)    0.00000E+00  0.00000E+00  0.00000E+00  0.00000E+00  0.00000E+00  0.00000E+00  0.00000E+00  0.00000E+00  0.00000E+00  0.00000E+00  0.00000E+00  0.00000E+00  0.00000E+00  0.00000E+00  0.00000E+00  0.00000E+00  0.00000E+00  0.00000E+00  0.00000E+00  0.00000E+00  0.00000E+00  0.00000E+00  0.00000E+00  0.00000E+00  0.00000E+00
 OMEGA(5,3)    0.00000E+00  0.00000E+00  0.00000E+00  0.00000E+00  0.00000E+00  0.00000E+00  0.00000E+00  0.00000E+00  0.00000E+00  0.00000E+00  0.00000E+00  0.00000E+00  0.00000E+00  0.00000E+00  0.00000E+00  0.00000E+00  0.00000E+00  0.00000E+00  0.00000E+00  0.00000E+00  0.00000E+00  0.00000E+00  0.00000E+00  0.00000E+00  0.00000E+00
 OMEGA(5,4)    9.07284E-03  8.88169E-03  1.05018E-02  6.74325E-04  3.12505E-02 -1.12404E-02  1.17914E-02  4.48387E-02 -2.63522E-02  2.02425E-02  0.00000E+00  0.00000E+00  0.00000E+00 -1.51019E-01  0.00000E+00  0.00000E+00  0.00000E+00  1.01092E-02 -5.25269E-01  0.00000E+00  0.00000E+00  0.00000E+00 -3.17458E-01  7.78819E-01 -3.09334E-01
 OMEGA(5,5)    8.32799E-03 -7.26961E-04 -1.63182E-04  5.07305E-02 -2.17390E-02  1.43476E-02 -8.18024E-03 -6.08608E-02  4.55864E-02  1.86210E-02  0.00000E+00  0.00000E+00  0.00000E+00  1.70071E-01  0.00000E+00  0.00000E+00  0.00000E+00 -5.25269E-01  1.53146E-02  0.00000E+00  0.00000E+00  0.00000E+00  1.13547E-01 -4.24716E-01  4.86482E-02
 OMEGA(6,1)    0.00000E+00  0.00000E+00  0.00000E+00  0.00000E+00  0.00000E+00  0.00000E+00  0.00000E+00  0.00000E+00  0.00000E+00  0.00000E+00  0.00000E+00  0.00000E+00  0.00000E+00  0.00000E+00  0.00000E+00  0.00000E+00  0.00000E+00  0.00000E+00  0.00000E+00  0.00000E+00  0.00000E+00  0.00000E+00  0.00000E+00  0.00000E+00  0.00000E+00
 OMEGA(6,2)    0.00000E+00  0.00000E+00  0.00000E+00  0.00000E+00  0.00000E+00  0.00000E+00  0.00000E+00  0.00000E+00  0.00000E+00  0.00000E+00  0.00000E+00  0.00000E+00  0.00000E+00  0.00000E+00  0.00000E+00  0.00000E+00  0.00000E+00  0.00000E+00  0.00000E+00  0.00000E+00  0.00000E+00  0.00000E+00  0.00000E+00  0.00000E+00  0.00000E+00
 OMEGA(6,3)    0.00000E+00  0.00000E+00  0.00000E+00  0.00000E+00  0.00000E+00  0.00000E+00  0.00000E+00  0.00000E+00  0.00000E+00  0.00000E+00  0.00000E+00  0.00000E+00  0.00000E+00  0.00000E+00  0.00000E+00  0.00000E+00  0.00000E+00  0.00000E+00  0.00000E+00  0.00000E+00  0.00000E+00  0.00000E+00  0.00000E+00  0.00000E+00  0.00000E+00
 OMEGA(6,4)    1.94709E-02  1.46625E-02  1.56517E-02  2.46663E-02  8.35170E-04  5.28324E-03  4.89852E-02 -8.09008E-03 -2.84966E-02 -4.53909E-02  0.00000E+00  0.00000E+00  0.00000E+00  7.06416E-01  0.00000E+00  0.00000E+00  0.00000E+00 -3.17458E-01  1.13547E-01  0.00000E+00  0.00000E+00  0.00000E+00  1.63817E-02 -5.24522E-01  8.97916E-01
 OMEGA(6,5)    1.53153E-02  3.82089E-03  5.13125E-03  6.75277E-03 -9.66016E-03 -4.01244E-03  1.47987E-02  1.05977E-02 -3.71626E-02 -4.77294E-03  0.00000E+00  0.00000E+00  0.00000E+00 -2.80221E-01  0.00000E+00  0.00000E+00  0.00000E+00  7.78819E-01 -4.24716E-01  0.00000E+00  0.00000E+00  0.00000E+00 -5.24522E-01  1.19907E-02 -5.79051E-01
 OMEGA(6,6)    4.72248E-03  8.21969E-03  8.22363E-03 -7.32556E-03  9.46257E-03 -2.57966E-02  3.92185E-02 -2.08105E-02 -1.95846E-02 -3.20179E-02  0.00000E+00  0.00000E+00  0.00000E+00  5.31179E-01  0.00000E+00  0.00000E+00  0.00000E+00 -3.09334E-01  4.86482E-02  0.00000E+00  0.00000E+00  0.00000E+00  8.97916E-01 -5.79051E-01  2.89856E-02
TABLE NO.     3: Stochastic Approximation Expectation-Maximization: Problem=1 Subproblem=0 Superproblem1=0 Iteration1=0 Superproblem2=0 Iteration2=0
 NAME         THETA1       THETA2       THETA3       SIGMA(1,1)   OMEGA(1,1)   OMEGA(2,1)   OMEGA(2,2)   OMEGA(3,1)   OMEGA(3,2)   OMEGA(3,3)   OMEGA(4,1)   OMEGA(4,2)   OMEGA(4,3)   OMEGA(4,4)   OMEGA(5,1)   OMEGA(5,2)   OMEGA(5,3)   OMEGA(5,4)   OMEGA(5,5)   OMEGA(6,1)   OMEGA(6,2)   OMEGA(6,3)   OMEGA(6,4)   OMEGA(6,5)   OMEGA(6,6)
 THETA1        5.45451E-03  6.27959E-02  6.93983E-02  6.49547E-03 -1.18540E-01  1.59950E-02  1.39729E-02  1.51100E-01  2.10592E-03  2.23709E-02  0.00000E+00  0.00000E+00  0.00000E+00  1.16713E-02  0.00000E+00  0.00000E+00  0.00000E+00 -6.21134E-03  3.73486E-02  0.00000E+00  0.00000E+00  0.00000E+00 -9.79730E-03  1.86596E-02 -2.28594E-02
 THETA2        6.27959E-02  3.65678E-03  1.00058E-01  1.08900E-02  1.47961E-03  1.37956E-02  1.36342E-01 -1.74619E-03 -3.59230E-02  4.21726E-02  0.00000E+00  0.00000E+00  0.00000E+00  1.58858E-02  0.00000E+00  0.00000E+00  0.00000E+00  7.78030E-03  7.27518E-04  0.00000E+00  0.00000E+00  0.00000E+00  1.71954E-02  4.45371E-03  8.59529E-03
 THETA3        6.93983E-02  1.00058E-01  3.62385E-03  2.30810E-02  2.92049E-02 -8.40480E-03 -2.50541E-02  1.15477E-02  4.78321E-02  4.12644E-03  0.00000E+00  0.00000E+00  0.00000E+00  7.34116E-03  0.00000E+00  0.00000E+00  0.00000E+00  4.15108E-03  4.71667E-03  0.00000E+00  0.00000E+00  0.00000E+00  8.98638E-03 -1.80597E-03  2.34037E-03
 SIGMA(1,1)    6.49547E-03  1.08900E-02  2.30810E-02  5.49548E-05 -7.04188E-02  7.71050E-03 -5.45357E-02 -6.50544E-02 -6.62023E-02 -7.17389E-02  0.00000E+00  0.00000E+00  0.00000E+00  4.13304E-02  0.00000E+00  0.00000E+00  0.00000E+00 -1.04690E-02  5.89258E-02  0.00000E+00  0.00000E+00  0.00000E+00  1.44795E-02  8.37782E-04 -1.95711E-02
 OMEGA(1,1)   -1.18540E-01  1.47961E-03  2.92049E-02 -7.04188E-02  8.93802E-04  4.96607E-02 -1.27332E-02  4.49935E-02  5.21435E-03  6.73221E-02  0.00000E+00  0.00000E+00  0.00000E+00 -4.87048E-02  0.00000E+00  0.00000E+00  0.00000E+00  4.54542E-02 -4.67573E-02  0.00000E+00  0.00000E+00  0.00000E+00  1.20674E-02 -6.31496E-03  3.62473E-02
 OMEGA(2,1)    1.59950E-02  1.37956E-02 -8.40480E-03  7.71050E-03  4.96607E-02  5.10812E-04  7.65226E-02  9.32458E-02  7.83737E-02  3.09685E-02  0.00000E+00  0.00000E+00  0.00000E+00  2.04686E-02  0.00000E+00  0.00000E+00  0.00000E+00 -2.86263E-03  3.68282E-02  0.00000E+00  0.00000E+00  0.00000E+00  3.29330E-03 -1.53252E-04 -2.29693E-02
 OMEGA(2,2)    1.39729E-02  1.36342E-01 -2.50541E-02 -5.45357E-02 -1.27332E-02  7.65226E-02  5.19956E-04  1.46339E-02  1.87400E-01  4.34422E-02  0.00000E+00  0.00000E+00  0.00000E+00  2.40627E-02  0.00000E+00  0.00000E+00  0.00000E+00  1.26957E-02 -4.29903E-03  0.00000E+00  0.00000E+00  0.00000E+00  4.68767E-02  1.37313E-02  3.86340E-02
 OMEGA(3,1)    1.51100E-01 -1.74619E-03  1.15477E-02 -6.50544E-02  4.49935E-02  9.32458E-02  1.46339E-02  6.18686E-04  8.57103E-02  1.82871E-01  0.00000E+00  0.00000E+00  0.00000E+00  3.27708E-02  0.00000E+00  0.00000E+00  0.00000E+00  6.60865E-02 -6.17459E-02  0.00000E+00  0.00000E+00  0.00000E+00  5.01401E-04  3.44763E-02 -5.35525E-03
 OMEGA(3,2)    2.10592E-03 -3.59230E-02  4.78321E-02 -6.62023E-02  5.21435E-03  7.83737E-02  1.87400E-01  8.57103E-02  3.78862E-04  9.87582E-02  0.00000E+00  0.00000E+00  0.00000E+00 -3.85874E-02  0.00000E+00  0.00000E+00  0.00000E+00 -2.68330E-02  4.55239E-02  0.00000E+00  0.00000E+00  0.00000E+00 -2.37042E-02 -3.66995E-02 -1.42789E-02
 OMEGA(3,3)    2.23709E-02  4.21726E-02  4.12644E-03 -7.17389E-02  6.73221E-02  3.09685E-02  4.34422E-02  1.82871E-01  9.87582E-02  5.15855E-04  0.00000E+00  0.00000E+00  0.00000E+00 -1.34158E-02  0.00000E+00  0.00000E+00  0.00000E+00  2.81630E-02  5.80420E-03  0.00000E+00  0.00000E+00  0.00000E+00 -3.69024E-02  1.85476E-03 -2.25529E-02
 OMEGA(4,1)    0.00000E+00  0.00000E+00  0.00000E+00  0.00000E+00  0.00000E+00  0.00000E+00  0.00000E+00  0.00000E+00  0.00000E+00  0.00000E+00  0.00000E+00  0.00000E+00  0.00000E+00  0.00000E+00  0.00000E+00  0.00000E+00  0.00000E+00  0.00000E+00  0.00000E+00  0.00000E+00  0.00000E+00  0.00000E+00  0.00000E+00  0.00000E+00  0.00000E+00
 OMEGA(4,2)    0.00000E+00  0.00000E+00  0.00000E+00  0.00000E+00  0.00000E+00  0.00000E+00  0.00000E+00  0.00000E+00  0.00000E+00  0.00000E+00  0.00000E+00  0.00000E+00  0.00000E+00  0.00000E+00  0.00000E+00  0.00000E+00  0.00000E+00  0.00000E+00  0.00000E+00  0.00000E+00  0.00000E+00  0.00000E+00  0.00000E+00  0.00000E+00  0.00000E+00
 OMEGA(4,3)    0.00000E+00  0.00000E+00  0.00000E+00  0.00000E+00  0.00000E+00  0.00000E+00  0.00000E+00  0.00000E+00  0.00000E+00  0.00000E+00  0.00000E+00  0.00000E+00  0.00000E+00  0.00000E+00  0.00000E+00  0.00000E+00  0.00000E+00  0.00000E+00  0.00000E+00  0.00000E+00  0.00000E+00  0.00000E+00  0.00000E+00  0.00000E+00  0.00000E+00
 OMEGA(4,4)    1.16713E-02  1.58858E-02  7.34116E-03  4.13304E-02 -4.87048E-02  2.04686E-02  2.40627E-02  3.27708E-02 -3.85874E-02 -1.34158E-02  0.00000E+00  0.00000E+00  0.00000E+00  1.17636E-02  0.00000E+00  0.00000E+00  0.00000E+00 -1.34924E-01  1.65845E-01  0.00000E+00  0.00000E+00  0.00000E+00  6.99974E-01 -2.71571E-01  5.28812E-01
 OMEGA(5,1)    0.00000E+00  0.00000E+00  0.00000E+00  0.00000E+00  0.00000E+00  0.00000E+00  0.00000E+00  0.00000E+00  0.00000E+00  0.00000E+00  0.00000E+00  0.00000E+00  0.00000E+00  0.00000E+00  0.00000E+00  0.00000E+00  0.00000E+00  0.00000E+00  0.00000E+00  0.00000E+00  0.00000E+00  0.00000E+00  0.00000E+00  0.00000E+00  0.00000E+00
 OMEGA(5,2)    0.00000E+00  0.00000E+00  0.00000E+00  0.00000E+00  0.00000E+00  0.00000E+00  0.00000E+00  0.00000E+00  0.00000E+00  0.00000E+00  0.00000E+00  0.00000E+00  0.00000E+00  0.00000E+00  0.00000E+00  0.00000E+00  0.00000E+00  0.00000E+00  0.00000E+00  0.00000E+00  0.00000E+00  0.00000E+00  0.00000E+00  0.00000E+00  0.00000E+00
 OMEGA(5,3)    0.00000E+00  0.00000E+00  0.00000E+00  0.00000E+00  0.00000E+00  0.00000E+00  0.00000E+00  0.00000E+00  0.00000E+00  0.00000E+00  0.00000E+00  0.00000E+00  0.00000E+00  0.00000E+00  0.00000E+00  0.00000E+00  0.00000E+00  0.00000E+00  0.00000E+00  0.00000E+00  0.00000E+00  0.00000E+00  0.00000E+00  0.00000E+00  0.00000E+00
 OMEGA(5,4)   -6.21134E-03  7.78030E-03  4.15108E-03 -1.04690E-02  4.54542E-02 -2.86263E-03  1.26957E-02  6.60865E-02 -2.68330E-02  2.81630E-02  0.00000E+00  0.00000E+00  0.00000E+00 -1.34924E-01  0.00000E+00  0.00000E+00  0.00000E+00  1.02811E-02 -5.30381E-01  0.00000E+00  0.00000E+00  0.00000E+00 -3.07001E-01  7.75241E-01 -2.97942E-01
 OMEGA(5,5)    3.73486E-02  7.27518E-04  4.71667E-03  5.89258E-02 -4.67573E-02  3.68282E-02 -4.29903E-03 -6.17459E-02  4.55239E-02  5.80420E-03  0.00000E+00  0.00000E+00  0.00000E+00  1.65845E-01  0.00000E+00  0.00000E+00  0.00000E+00 -5.30381E-01  1.53621E-02  0.00000E+00  0.00000E+00  0.00000E+00  1.10614E-01 -4.25544E-01  4.66402E-02
 OMEGA(6,1)    0.00000E+00  0.00000E+00  0.00000E+00  0.00000E+00  0.00000E+00  0.00000E+00  0.00000E+00  0.00000E+00  0.00000E+00  0.00000E+00  0.00000E+00  0.00000E+00  0.00000E+00  0.00000E+00  0.00000E+00  0.00000E+00  0.00000E+00  0.00000E+00  0.00000E+00  0.00000E+00  0.00000E+00  0.00000E+00  0.00000E+00  0.00000E+00  0.00000E+00
 OMEGA(6,2)    0.00000E+00  0.00000E+00  0.00000E+00  0.00000E+00  0.00000E+00  0.00000E+00  0.00000E+00  0.00000E+00  0.00000E+00  0.00000E+00  0.00000E+00  0.00000E+00  0.00000E+00  0.00000E+00  0.00000E+00  0.00000E+00  0.00000E+00  0.00000E+00  0.00000E+00  0.00000E+00  0.00000E+00  0.00000E+00  0.00000E+00  0.00000E+00  0.00000E+00
 OMEGA(6,3)    0.00000E+00  0.00000E+00  0.00000E+00  0.00000E+00  0.00000E+00  0.00000E+00  0.00000E+00  0.00000E+00  0.00000E+00  0.00000E+00  0.00000E+00  0.00000E+00  0.00000E+00  0.00000E+00  0.00000E+00  0.00000E+00  0.00000E+00  0.00000E+00  0.00000E+00  0.00000E+00  0.00000E+00  0.00000E+00  0.00000E+00  0.00000E+00  0.00000E+00
 OMEGA(6,4)   -9.79730E-03  1.71954E-02  8.98638E-03  1.44795E-02  1.20674E-02  3.29330E-03  4.68767E-02  5.01401E-04 -2.37042E-02 -3.69024E-02  0.00000E+00  0.00000E+00  0.00000E+00  6.99974E-01  0.00000E+00  0.00000E+00  0.00000E+00 -3.07001E-01  1.10614E-01  0.00000E+00  0.00000E+00  0.00000E+00  1.65102E-02 -5.18138E-01  8.96169E-01
 OMEGA(6,5)    1.86596E-02  4.45371E-03 -1.80597E-03  8.37782E-04 -6.31496E-03 -1.53252E-04  1.37313E-02  3.44763E-02 -3.66995E-02  1.85476E-03  0.00000E+00  0.00000E+00  0.00000E+00 -2.71571E-01  0.00000E+00  0.00000E+00  0.00000E+00  7.75241E-01 -4.25544E-01  0.00000E+00  0.00000E+00  0.00000E+00 -5.18138E-01  1.20128E-02 -5.73344E-01
 OMEGA(6,6)   -2.28594E-02  8.59529E-03  2.34037E-03 -1.95711E-02  3.62473E-02 -2.29693E-02  3.86340E-02 -5.35525E-03 -1.42789E-02 -2.25529E-02  0.00000E+00  0.00000E+00  0.00000E+00  5.28812E-01  0.00000E+00  0.00000E+00  0.00000E+00 -2.97942E-01  4.66402E-02  0.00000E+00  0.00000E+00  0.00000E+00  8.96169E-01 -5.73344E-01  2.89899E-02
TABLE NO.     4: Objective Function Evaluation by Importance Sampling: Problem=1 Subproblem=0 Superproblem1=0 Iteration1=0 Superproblem2=0 Iteration2=0
 NAME         THETA1       THETA2       THETA3       SIGMA(1,1)   OMEGA(1,1)   OMEGA(2,1)   OMEGA(2,2)   OMEGA(3,1)   OMEGA(3,2)   OMEGA(3,3)   OMEGA(4,1)   OMEGA(4,2)   OMEGA(4,3)   OMEGA(4,4)   OMEGA(5,1)   OMEGA(5,2)   OMEGA(5,3)   OMEGA(5,4)   OMEGA(5,5)   OMEGA(6,1)   OMEGA(6,2)   OMEGA(6,3)   OMEGA(6,4)   OMEGA(6,5)   OMEGA(6,6)
 THETA1        5.68769E-03  6.85269E-02  7.98656E-02  1.15307E-03 -2.03831E-02 -1.59051E-02  1.40907E-03  3.97362E-02 -3.01296E-04  1.95159E-03  0.00000E+00  0.00000E+00  0.00000E+00  2.26235E-02  0.00000E+00  0.00000E+00  0.00000E+00  5.16673E-03  7.65519E-03  0.00000E+00  0.00000E+00  0.00000E+00  1.62690E-02  1.09770E-02  3.94492E-03
 THETA2        6.85269E-02  3.58632E-03  1.14214E-01  1.25133E-02 -1.36630E-03 -1.43318E-02  2.72301E-03 -1.01043E-04 -3.24612E-03 -8.27998E-04  0.00000E+00  0.00000E+00  0.00000E+00  1.16156E-02  0.00000E+00  0.00000E+00  0.00000E+00  9.30184E-03 -1.13719E-03  0.00000E+00  0.00000E+00  0.00000E+00  1.33378E-02  4.26134E-03  7.74730E-03
 THETA3        7.98656E-02  1.14214E-01  3.59275E-03  1.40323E-02 -8.59317E-04 -2.60869E-03  1.75771E-03 -1.31240E-02 -2.24646E-03 -2.92097E-03  0.00000E+00  0.00000E+00  0.00000E+00  1.27426E-02  0.00000E+00  0.00000E+00  0.00000E+00  9.97899E-03  4.77115E-04  0.00000E+00  0.00000E+00  0.00000E+00  1.43767E-02  5.09436E-03  7.75321E-03
 SIGMA(1,1)    1.15307E-03  1.25133E-02  1.40323E-02  5.47673E-05 -3.69857E-02 -1.75541E-02 -8.51017E-03 -2.77760E-02 -2.41507E-02 -1.54123E-02  0.00000E+00  0.00000E+00  0.00000E+00  5.86474E-02  0.00000E+00  0.00000E+00  0.00000E+00 -6.06192E-03  6.19850E-02  0.00000E+00  0.00000E+00  0.00000E+00  3.57781E-02 -3.78799E-03  4.08298E-03
 OMEGA(1,1)   -2.03831E-02 -1.36630E-03 -8.59317E-04 -3.69857E-02  9.60365E-04  1.51559E-01  9.57252E-03  1.60930E-01  1.53048E-02  7.81035E-03  0.00000E+00  0.00000E+00  0.00000E+00 -5.39944E-02  0.00000E+00  0.00000E+00  0.00000E+00  3.05620E-02 -1.96806E-02  0.00000E+00  0.00000E+00  0.00000E+00  1.31999E-03 -7.03282E-03  8.83468E-03
 OMEGA(2,1)   -1.59051E-02 -1.43318E-02 -2.60869E-03 -1.75541E-02  1.51559E-01  5.67740E-04  1.13764E-01  1.26599E-01  8.15384E-02  9.83762E-03  0.00000E+00  0.00000E+00  0.00000E+00  2.20189E-02  0.00000E+00  0.00000E+00  0.00000E+00 -1.61675E-02  1.96694E-02  0.00000E+00  0.00000E+00  0.00000E+00  7.05919E-03 -9.34135E-03 -2.46175E-02
 OMEGA(2,2)    1.40907E-03  2.72301E-03  1.75771E-03 -8.51017E-03  9.57252E-03  1.13764E-01  5.16968E-04  1.00802E-02  1.55994E-01  7.65900E-03  0.00000E+00  0.00000E+00  0.00000E+00  2.68577E-02  0.00000E+00  0.00000E+00  0.00000E+00  9.95081E-03 -5.81348E-03  0.00000E+00  0.00000E+00  0.00000E+00  4.89567E-02  1.37419E-02  3.86152E-02
 OMEGA(3,1)    3.97362E-02 -1.01043E-04 -1.31240E-02 -2.77760E-02  1.60930E-01  1.26599E-01  1.00802E-02  6.35719E-04  7.76127E-02  9.18960E-02  0.00000E+00  0.00000E+00  0.00000E+00  1.15091E-02  0.00000E+00  0.00000E+00  0.00000E+00  4.15785E-02 -6.64075E-02  0.00000E+00  0.00000E+00  0.00000E+00 -5.72709E-03  9.63356E-03 -1.88839E-02
 OMEGA(3,2)   -3.01296E-04 -3.24612E-03 -2.24646E-03 -2.41507E-02  1.53048E-02  8.15384E-02  1.55994E-01  7.76127E-02  3.67843E-04  1.64711E-01  0.00000E+00  0.00000E+00  0.00000E+00 -3.90035E-02  0.00000E+00  0.00000E+00  0.00000E+00 -2.74617E-02  4.56127E-02  0.00000E+00  0.00000E+00  0.00000E+00 -2.92427E-02 -3.76763E-02 -2.06566E-02
 OMEGA(3,3)    1.95159E-03 -8.27998E-04 -2.92097E-03 -1.54123E-02  7.81035E-03  9.83762E-03  7.65900E-03  9.18960E-02  1.64711E-01  5.16990E-04  0.00000E+00  0.00000E+00  0.00000E+00 -1.65648E-02  0.00000E+00  0.00000E+00  0.00000E+00  1.88242E-02  1.92733E-02  0.00000E+00  0.00000E+00  0.00000E+00 -4.53834E-02 -4.90283E-03 -3.28223E-02
 OMEGA(4,1)    0.00000E+00  0.00000E+00  0.00000E+00  0.00000E+00  0.00000E+00  0.00000E+00  0.00000E+00  0.00000E+00  0.00000E+00  0.00000E+00  0.00000E+00  0.00000E+00  0.00000E+00  0.00000E+00  0.00000E+00  0.00000E+00  0.00000E+00  0.00000E+00  0.00000E+00  0.00000E+00  0.00000E+00  0.00000E+00  0.00000E+00  0.00000E+00  0.00000E+00
 OMEGA(4,2)    0.00000E+00  0.00000E+00  0.00000E+00  0.00000E+00  0.00000E+00  0.00000E+00  0.00000E+00  0.00000E+00  0.00000E+00  0.00000E+00  0.00000E+00  0.00000E+00  0.00000E+00  0.00000E+00  0.00000E+00  0.00000E+00  0.00000E+00  0.00000E+00  0.00000E+00  0.00000E+00  0.00000E+00  0.00000E+00  0.00000E+00  0.00000E+00  0.00000E+00
 OMEGA(4,3)    0.00000E+00  0.00000E+00  0.00000E+00  0.00000E+00  0.00000E+00  0.00000E+00  0.00000E+00  0.00000E+00  0.00000E+00  0.00000E+00  0.00000E+00  0.00000E+00  0.00000E+00  0.00000E+00  0.00000E+00  0.00000E+00  0.00000E+00  0.00000E+00  0.00000E+00  0.00000E+00  0.00000E+00  0.00000E+00  0.00000E+00  0.00000E+00  0.00000E+00
 OMEGA(4,4)    2.26235E-02  1.16156E-02  1.27426E-02  5.86474E-02 -5.39944E-02  2.20189E-02  2.68577E-02  1.15091E-02 -3.90035E-02 -1.65648E-02  0.00000E+00  0.00000E+00  0.00000E+00  1.19079E-02  0.00000E+00  0.00000E+00  0.00000E+00 -1.36783E-01  1.67755E-01  0.00000E+00  0.00000E+00  0.00000E+00  6.98551E-01 -2.67157E-01  5.19905E-01
 OMEGA(5,1)    0.00000E+00  0.00000E+00  0.00000E+00  0.00000E+00  0.00000E+00  0.00000E+00  0.00000E+00  0.00000E+00  0.00000E+00  0.00000E+00  0.00000E+00  0.00000E+00  0.00000E+00  0.00000E+00  0.00000E+00  0.00000E+00  0.00000E+00  0.00000E+00  0.00000E+00  0.00000E+00  0.00000E+00  0.00000E+00  0.00000E+00  0.00000E+00  0.00000E+00
 OMEGA(5,2)    0.00000E+00  0.00000E+00  0.00000E+00  0.00000E+00  0.00000E+00  0.00000E+00  0.00000E+00  0.00000E+00  0.00000E+00  0.00000E+00  0.00000E+00  0.00000E+00  0.00000E+00  0.00000E+00  0.00000E+00  0.00000E+00  0.00000E+00  0.00000E+00  0.00000E+00  0.00000E+00  0.00000E+00  0.00000E+00  0.00000E+00  0.00000E+00  0.00000E+00
 OMEGA(5,3)    0.00000E+00  0.00000E+00  0.00000E+00  0.00000E+00  0.00000E+00  0.00000E+00  0.00000E+00  0.00000E+00  0.00000E+00  0.00000E+00  0.00000E+00  0.00000E+00  0.00000E+00  0.00000E+00  0.00000E+00  0.00000E+00  0.00000E+00  0.00000E+00  0.00000E+00  0.00000E+00  0.00000E+00  0.00000E+00  0.00000E+00  0.00000E+00  0.00000E+00
 OMEGA(5,4)    5.16673E-03  9.30184E-03  9.97899E-03 -6.06192E-03  3.05620E-02 -1.61675E-02  9.95081E-03  4.15785E-02 -2.74617E-02  1.88242E-02  0.00000E+00  0.00000E+00  0.00000E+00 -1.36783E-01  0.00000E+00  0.00000E+00  0.00000E+00  1.02568E-02 -5.17655E-01  0.00000E+00  0.00000E+00  0.00000E+00 -3.09162E-01  7.76980E-01 -3.03957E-01
 OMEGA(5,5)    7.65519E-03 -1.13719E-03  4.77115E-04  6.19850E-02 -1.96806E-02  1.96694E-02 -5.81348E-03 -6.64075E-02  4.56127E-02  1.92733E-02  0.00000E+00  0.00000E+00  0.00000E+00  1.67755E-01  0.00000E+00  0.00000E+00  0.00000E+00 -5.17655E-01  1.53982E-02  0.00000E+00  0.00000E+00  0.00000E+00  1.11600E-01 -4.18838E-01  4.57953E-02
 OMEGA(6,1)    0.00000E+00  0.00000E+00  0.00000E+00  0.00000E+00  0.00000E+00  0.00000E+00  0.00000E+00  0.00000E+00  0.00000E+00  0.00000E+00  0.00000E+00  0.00000E+00  0.00000E+00  0.00000E+00  0.00000E+00  0.00000E+00  0.00000E+00  0.00000E+00  0.00000E+00  0.00000E+00  0.00000E+00  0.00000E+00  0.00000E+00  0.00000E+00  0.00000E+00
 OMEGA(6,2)    0.00000E+00  0.00000E+00  0.00000E+00  0.00000E+00  0.00000E+00  0.00000E+00  0.00000E+00  0.00000E+00  0.00000E+00  0.00000E+00  0.00000E+00  0.00000E+00  0.00000E+00  0.00000E+00  0.00000E+00  0.00000E+00  0.00000E+00  0.00000E+00  0.00000E+00  0.00000E+00  0.00000E+00  0.00000E+00  0.00000E+00  0.00000E+00  0.00000E+00
 OMEGA(6,3)    0.00000E+00  0.00000E+00  0.00000E+00  0.00000E+00  0.00000E+00  0.00000E+00  0.00000E+00  0.00000E+00  0.00000E+00  0.00000E+00  0.00000E+00  0.00000E+00  0.00000E+00  0.00000E+00  0.00000E+00  0.00000E+00  0.00000E+00  0.00000E+00  0.00000E+00  0.00000E+00  0.00000E+00  0.00000E+00  0.00000E+00  0.00000E+00  0.00000E+00
 OMEGA(6,4)    1.62690E-02  1.33378E-02  1.43767E-02  3.57781E-02  1.31999E-03  7.05919E-03  4.89567E-02 -5.72709E-03 -2.92427E-02 -4.53834E-02  0.00000E+00  0.00000E+00  0.00000E+00  6.98551E-01  0.00000E+00  0.00000E+00  0.00000E+00 -3.09162E-01  1.11600E-01  0.00000E+00  0.00000E+00  0.00000E+00  1.65584E-02 -5.18217E-01  8.96220E-01
 OMEGA(6,5)    1.09770E-02  4.26134E-03  5.09436E-03 -3.78799E-03 -7.03282E-03 -9.34135E-03  1.37419E-02  9.63356E-03 -3.76763E-02 -4.90283E-03  0.00000E+00  0.00000E+00  0.00000E+00 -2.67157E-01  0.00000E+00  0.00000E+00  0.00000E+00  7.76980E-01 -4.18838E-01  0.00000E+00  0.00000E+00  0.00000E+00 -5.18217E-01  1.20147E-02 -5.74353E-01
 OMEGA(6,6)    3.94492E-03  7.74730E-03  7.75321E-03  4.08298E-03  8.83468E-03 -2.46175E-02  3.86152E-02 -1.88839E-02 -2.06566E-02 -3.28223E-02  0.00000E+00  0.00000E+00  0.00000E+00  5.19905E-01  0.00000E+00  0.00000E+00  0.00000E+00 -3.03957E-01  4.57953E-02  0.00000E+00  0.00000E+00  0.00000E+00  8.96220E-01 -5.74353E-01  2.91106E-02
TABLE NO.     5: MCMC Bayesian Analysis: Problem=1 Subproblem=0 Superproblem1=0 Iteration1=0 Superproblem2=0 Iteration2=0
 NAME         THETA1       THETA2       THETA3       SIGMA(1,1)   OMEGA(1,1)   OMEGA(2,1)   OMEGA(2,2)   OMEGA(3,1)   OMEGA(3,2)   OMEGA(3,3)   OMEGA(4,1)   OMEGA(4,2)   OMEGA(4,3)   OMEGA(4,4)   OMEGA(5,1)   OMEGA(5,2)   OMEGA(5,3)   OMEGA(5,4)   OMEGA(5,5)   OMEGA(6,1)   OMEGA(6,2)   OMEGA(6,3)   OMEGA(6,4)   OMEGA(6,5)   OMEGA(6,6)
 THETA1        6.67986E-03  7.27703E-02  1.56564E-01  3.82104E-02 -4.85773E-02  2.08532E-01 -2.04424E-02 -2.08470E-02 -2.25446E-02  4.22785E-02  0.00000E+00  0.00000E+00  0.00000E+00 -1.50133E-02  0.00000E+00  0.00000E+00  0.00000E+00  2.96068E-02 -5.91230E-02  0.00000E+00  0.00000E+00  0.00000E+00  5.27957E-02 -5.84132E-03  8.25001E-02
 THETA2        7.27703E-02  3.57136E-03  7.21933E-02 -7.68356E-03 -3.35183E-02  4.56690E-02  2.82691E-02  6.93013E-02  5.71487E-02 -4.07628E-02  0.00000E+00  0.00000E+00  0.00000E+00  3.11757E-03  0.00000E+00  0.00000E+00  0.00000E+00 -2.25140E-02  1.63939E-02  0.00000E+00  0.00000E+00  0.00000E+00  2.89447E-02 -6.87900E-03  2.69340E-02
 THETA3        1.56564E-01  7.21933E-02  3.80833E-03  8.99246E-02 -2.48602E-03  2.07619E-02 -3.61087E-02  3.72915E-02  4.16942E-02 -1.69528E-02  0.00000E+00  0.00000E+00  0.00000E+00 -7.79775E-02  0.00000E+00  0.00000E+00  0.00000E+00  1.07852E-02 -2.55345E-02  0.00000E+00  0.00000E+00  0.00000E+00 -2.79312E-02 -1.36961E-02  2.35771E-03
 SIGMA(1,1)    3.82104E-02 -7.68356E-03  8.99246E-02  5.59202E-05  4.08301E-02  1.66662E-02  5.99231E-02  4.39124E-02  3.12707E-02 -8.01949E-02  0.00000E+00  0.00000E+00  0.00000E+00  2.63312E-02  0.00000E+00  0.00000E+00  0.00000E+00  4.34896E-02  1.91677E-02  0.00000E+00  0.00000E+00  0.00000E+00  5.34956E-02  4.47396E-02  5.88129E-02
 OMEGA(1,1)   -4.85773E-02 -3.35183E-02 -2.48602E-03  4.08301E-02  8.65246E-04  1.01523E-01 -1.19608E-04  1.56949E-01 -1.29974E-02  5.07688E-02  0.00000E+00  0.00000E+00  0.00000E+00 -9.80858E-03  0.00000E+00  0.00000E+00  0.00000E+00  6.27201E-02  2.95526E-02  0.00000E+00  0.00000E+00  0.00000E+00 -2.18792E-02 -2.18267E-03 -9.07450E-03
 OMEGA(2,1)    2.08532E-01  4.56690E-02  2.07619E-02  1.66662E-02  1.01523E-01  5.62647E-04  1.27464E-01 -3.17714E-02  1.05507E-01 -1.11790E-02  0.00000E+00  0.00000E+00  0.00000E+00  7.62863E-02  0.00000E+00  0.00000E+00  0.00000E+00 -1.87141E-02 -2.98051E-02  0.00000E+00  0.00000E+00  0.00000E+00  6.42546E-02  5.70396E-03  5.64592E-02
 OMEGA(2,2)   -2.04424E-02  2.82691E-02 -3.61087E-02  5.99231E-02 -1.19608E-04  1.27464E-01  5.68656E-04 -7.09787E-02  1.81251E-01  4.86746E-02  0.00000E+00  0.00000E+00  0.00000E+00 -1.41532E-02  0.00000E+00  0.00000E+00  0.00000E+00 -2.96231E-02  9.74711E-02  0.00000E+00  0.00000E+00  0.00000E+00 -2.22356E-02 -5.66327E-02  2.60761E-02
 OMEGA(3,1)   -2.08470E-02  6.93013E-02  3.72915E-02  4.39124E-02  1.56949E-01 -3.17714E-02 -7.09787E-02  6.45360E-04 -3.26184E-02  1.19867E-01  0.00000E+00  0.00000E+00  0.00000E+00 -2.52367E-02  0.00000E+00  0.00000E+00  0.00000E+00  1.22443E-01  2.69753E-02  0.00000E+00  0.00000E+00  0.00000E+00 -2.73380E-02  1.00543E-01 -5.83408E-02
 OMEGA(3,2)   -2.25446E-02  5.71487E-02  4.16942E-02  3.12707E-02 -1.29974E-02  1.05507E-01  1.81251E-01 -3.26184E-02  3.81933E-04  1.64668E-01  0.00000E+00  0.00000E+00  0.00000E+00  1.05564E-01  0.00000E+00  0.00000E+00  0.00000E+00 -6.18442E-02  1.02626E-02  0.00000E+00  0.00000E+00  0.00000E+00  7.43645E-02 -8.27554E-02  5.71824E-02
 OMEGA(3,3)    4.22785E-02 -4.07628E-02 -1.69528E-02 -8.01949E-02  5.07688E-02 -1.11790E-02  4.86746E-02  1.19867E-01  1.64668E-01  5.24707E-04  0.00000E+00  0.00000E+00  0.00000E+00  4.38460E-02  0.00000E+00  0.00000E+00  0.00000E+00  5.97650E-02 -5.02596E-02  0.00000E+00  0.00000E+00  0.00000E+00  9.23684E-02  2.43807E-02  1.06937E-01
 OMEGA(4,1)    0.00000E+00  0.00000E+00  0.00000E+00  0.00000E+00  0.00000E+00  0.00000E+00  0.00000E+00  0.00000E+00  0.00000E+00  0.00000E+00  0.00000E+00  0.00000E+00  0.00000E+00  0.00000E+00  0.00000E+00  0.00000E+00  0.00000E+00  0.00000E+00  0.00000E+00  0.00000E+00  0.00000E+00  0.00000E+00  0.00000E+00  0.00000E+00  0.00000E+00
