TABLE NO.     1: Iterative Two Stage (No Prior): Problem=1 Subproblem=0 Superproblem1=0 Iteration1=0 Superproblem2=0 Iteration2=0
 NAME         THETA1       THETA2       SIGMA(1,1)   OMEGA(1,1)   OMEGA(2,1)   OMEGA(2,2)   OMEGA(3,1)   OMEGA(3,2)   OMEGA(3,3)   OMEGA(4,1)   OMEGA(4,2)   OMEGA(4,3)   OMEGA(4,4)   OMEGA(5,1)   OMEGA(5,2)   OMEGA(5,3)   OMEGA(5,4)   OMEGA(5,5)   OMEGA(6,1)   OMEGA(6,2)   OMEGA(6,3)   OMEGA(6,4)   OMEGA(6,5)   OMEGA(6,6)
 THETA1        2.35046E-03  5.59490E-02  5.04579E-02 -6.55913E-03  1.11504E-01  5.35680E-03  0.00000E+00  0.00000E+00  1.18626E-02  0.00000E+00  0.00000E+00 -4.91774E-04  6.41631E-03  0.00000E+00  0.00000E+00  0.00000E+00  0.00000E+00  2.95765E-02  0.00000E+00  0.00000E+00  0.00000E+00  0.00000E+00 -9.82921E-03  1.91775E-02
 THETA2        5.59490E-02  2.43941E-03  9.18250E-03  6.94988E-02  4.00123E-02  1.75047E-02  0.00000E+00  0.00000E+00  1.20574E-02  0.00000E+00  0.00000E+00  4.56056E-03  1.09065E-03  0.00000E+00  0.00000E+00  0.00000E+00  0.00000E+00  8.46977E-04  0.00000E+00  0.00000E+00  0.00000E+00  0.00000E+00  3.17162E-03  1.45112E-02
 SIGMA(1,1)    5.04579E-02  9.18250E-03  1.27433E-04 -4.34018E-02 -8.05395E-03 -4.52718E-02  0.00000E+00  0.00000E+00  6.28083E-03  0.00000E+00  0.00000E+00 -2.32949E-03 -7.42031E-03  0.00000E+00  0.00000E+00  0.00000E+00  0.00000E+00 -3.06927E-02  0.00000E+00  0.00000E+00  0.00000E+00  0.00000E+00  9.07829E-03 -5.92153E-03
 OMEGA(1,1)   -6.55913E-03  6.94988E-02 -4.34018E-02  3.40227E-04  9.55149E-02 -1.63035E-02  0.00000E+00  0.00000E+00  2.29819E-02  0.00000E+00  0.00000E+00 -1.12048E-02  1.81869E-02  0.00000E+00  0.00000E+00  0.00000E+00  0.00000E+00  1.76634E-02  0.00000E+00  0.00000E+00  0.00000E+00  0.00000E+00 -9.74705E-03  7.35274E-03
 OMEGA(2,1)    1.11504E-01  4.00123E-02 -8.05395E-03  9.55149E-02  2.55405E-04  1.85463E-05  0.00000E+00  0.00000E+00  1.16249E-02  0.00000E+00  0.00000E+00 -4.18175E-02  9.42120E-03  0.00000E+00  0.00000E+00  0.00000E+00  0.00000E+00  6.80862E-03  0.00000E+00  0.00000E+00  0.00000E+00  0.00000E+00  1.82393E-02 -9.47807E-03
 OMEGA(2,2)    5.35680E-03  1.75047E-02 -4.52718E-02 -1.63035E-02  1.85463E-05  3.79394E-04  0.00000E+00  0.00000E+00 -1.49147E-02  0.00000E+00  0.00000E+00  1.58570E-02 -1.07053E-02  0.00000E+00  0.00000E+00  0.00000E+00  0.00000E+00 -2.10442E-02  0.00000E+00  0.00000E+00  0.00000E+00  0.00000E+00  1.72545E-03 -4.00665E-02
 OMEGA(3,1)    0.00000E+00  0.00000E+00  0.00000E+00  0.00000E+00  0.00000E+00  0.00000E+00  0.00000E+00  0.00000E+00  0.00000E+00  0.00000E+00  0.00000E+00  0.00000E+00  0.00000E+00  0.00000E+00  0.00000E+00  0.00000E+00  0.00000E+00  0.00000E+00  0.00000E+00  0.00000E+00  0.00000E+00  0.00000E+00  0.00000E+00  0.00000E+00
 OMEGA(3,2)    0.00000E+00  0.00000E+00  0.00000E+00  0.00000E+00  0.00000E+00  0.00000E+00  0.00000E+00  0.00000E+00  0.00000E+00  0.00000E+00  0.00000E+00  0.00000E+00  0.00000E+00  0.00000E+00  0.00000E+00  0.00000E+00  0.00000E+00  0.00000E+00  0.00000E+00  0.00000E+00  0.00000E+00  0.00000E+00  0.00000E+00  0.00000E+00
 OMEGA(3,3)    1.18626E-02  1.20574E-02  6.28083E-03  2.29819E-02  1.16249E-02 -1.49147E-02  0.00000E+00  0.00000E+00  2.27568E-03  0.00000E+00  0.00000E+00 -5.61210E-02 -1.65665E-02  0.00000E+00  0.00000E+00  0.00000E+00  0.00000E+00  7.58600E-02  0.00000E+00  0.00000E+00  0.00000E+00  0.00000E+00 -7.85649E-02 -1.18988E-02
 OMEGA(4,1)    0.00000E+00  0.00000E+00  0.00000E+00  0.00000E+00  0.00000E+00  0.00000E+00  0.00000E+00  0.00000E+00  0.00000E+00  0.00000E+00  0.00000E+00  0.00000E+00  0.00000E+00  0.00000E+00  0.00000E+00  0.00000E+00  0.00000E+00  0.00000E+00  0.00000E+00  0.00000E+00  0.00000E+00  0.00000E+00  0.00000E+00  0.00000E+00
 OMEGA(4,2)    0.00000E+00  0.00000E+00  0.00000E+00  0.00000E+00  0.00000E+00  0.00000E+00  0.00000E+00  0.00000E+00  0.00000E+00  0.00000E+00  0.00000E+00  0.00000E+00  0.00000E+00  0.00000E+00  0.00000E+00  0.00000E+00  0.00000E+00  0.00000E+00  0.00000E+00  0.00000E+00  0.00000E+00  0.00000E+00  0.00000E+00  0.00000E+00
 OMEGA(4,3)   -4.91774E-04  4.56056E-03 -2.32949E-03 -1.12048E-02 -4.18175E-02  1.58570E-02  0.00000E+00  0.00000E+00 -5.61210E-02  0.00000E+00  0.00000E+00  1.84202E-03  2.13911E-02  0.00000E+00  0.00000E+00  0.00000E+00  0.00000E+00  4.17965E-02  0.00000E+00  0.00000E+00  0.00000E+00  0.00000E+00  3.99404E-02 -1.06176E-01
 OMEGA(4,4)    6.41631E-03  1.09065E-03 -7.42031E-03  1.81869E-02  9.42120E-03 -1.07053E-02  0.00000E+00  0.00000E+00 -1.65665E-02  0.00000E+00  0.00000E+00  2.13911E-02  2.72334E-03  0.00000E+00  0.00000E+00  0.00000E+00  0.00000E+00  5.69663E-02  0.00000E+00  0.00000E+00  0.00000E+00  0.00000E+00 -1.80304E-02  1.09829E-02
 OMEGA(5,1)    0.00000E+00  0.00000E+00  0.00000E+00  0.00000E+00  0.00000E+00  0.00000E+00  0.00000E+00  0.00000E+00  0.00000E+00  0.00000E+00  0.00000E+00  0.00000E+00  0.00000E+00  0.00000E+00  0.00000E+00  0.00000E+00  0.00000E+00  0.00000E+00  0.00000E+00  0.00000E+00  0.00000E+00  0.00000E+00  0.00000E+00  0.00000E+00
 OMEGA(5,2)    0.00000E+00  0.00000E+00  0.00000E+00  0.00000E+00  0.00000E+00  0.00000E+00  0.00000E+00  0.00000E+00  0.00000E+00  0.00000E+00  0.00000E+00  0.00000E+00  0.00000E+00  0.00000E+00  0.00000E+00  0.00000E+00  0.00000E+00  0.00000E+00  0.00000E+00  0.00000E+00  0.00000E+00  0.00000E+00  0.00000E+00  0.00000E+00
 OMEGA(5,3)    0.00000E+00  0.00000E+00  0.00000E+00  0.00000E+00  0.00000E+00  0.00000E+00  0.00000E+00  0.00000E+00  0.00000E+00  0.00000E+00  0.00000E+00  0.00000E+00  0.00000E+00  0.00000E+00  0.00000E+00  0.00000E+00  0.00000E+00  0.00000E+00  0.00000E+00  0.00000E+00  0.00000E+00  0.00000E+00  0.00000E+00  0.00000E+00
 OMEGA(5,4)    0.00000E+00  0.00000E+00  0.00000E+00  0.00000E+00  0.00000E+00  0.00000E+00  0.00000E+00  0.00000E+00  0.00000E+00  0.00000E+00  0.00000E+00  0.00000E+00  0.00000E+00  0.00000E+00  0.00000E+00  0.00000E+00  0.00000E+00  0.00000E+00  0.00000E+00  0.00000E+00  0.00000E+00  0.00000E+00  0.00000E+00  0.00000E+00
 OMEGA(5,5)    2.95765E-02  8.46977E-04 -3.06927E-02  1.76634E-02  6.80862E-03 -2.10442E-02  0.00000E+00  0.00000E+00  7.58600E-02  0.00000E+00  0.00000E+00  4.17965E-02  5.69663E-02  0.00000E+00  0.00000E+00  0.00000E+00  0.00000E+00  3.17382E-02  0.00000E+00  0.00000E+00  0.00000E+00  0.00000E+00 -6.48077E-01  1.89285E-01
 OMEGA(6,1)    0.00000E+00  0.00000E+00  0.00000E+00  0.00000E+00  0.00000E+00  0.00000E+00  0.00000E+00  0.00000E+00  0.00000E+00  0.00000E+00  0.00000E+00  0.00000E+00  0.00000E+00  0.00000E+00  0.00000E+00  0.00000E+00  0.00000E+00  0.00000E+00  0.00000E+00  0.00000E+00  0.00000E+00  0.00000E+00  0.00000E+00  0.00000E+00
 OMEGA(6,2)    0.00000E+00  0.00000E+00  0.00000E+00  0.00000E+00  0.00000E+00  0.00000E+00  0.00000E+00  0.00000E+00  0.00000E+00  0.00000E+00  0.00000E+00  0.00000E+00  0.00000E+00  0.00000E+00  0.00000E+00  0.00000E+00  0.00000E+00  0.00000E+00  0.00000E+00  0.00000E+00  0.00000E+00  0.00000E+00  0.00000E+00  0.00000E+00
 OMEGA(6,3)    0.00000E+00  0.00000E+00  0.00000E+00  0.00000E+00  0.00000E+00  0.00000E+00  0.00000E+00  0.00000E+00  0.00000E+00  0.00000E+00  0.00000E+00  0.00000E+00  0.00000E+00  0.00000E+00  0.00000E+00  0.00000E+00  0.00000E+00  0.00000E+00  0.00000E+00  0.00000E+00  0.00000E+00  0.00000E+00  0.00000E+00  0.00000E+00
 OMEGA(6,4)    0.00000E+00  0.00000E+00  0.00000E+00  0.00000E+00  0.00000E+00  0.00000E+00  0.00000E+00  0.00000E+00  0.00000E+00  0.00000E+00  0.00000E+00  0.00000E+00  0.00000E+00  0.00000E+00  0.00000E+00  0.00000E+00  0.00000E+00  0.00000E+00  0.00000E+00  0.00000E+00  0.00000E+00  0.00000E+00  0.00000E+00  0.00000E+00
 OMEGA(6,5)   -9.82921E-03  3.17162E-03  9.07829E-03 -9.74705E-03  1.82393E-02  1.72545E-03  0.00000E+00  0.00000E+00 -7.85649E-02  0.00000E+00  0.00000E+00  3.99404E-02 -1.80304E-02  0.00000E+00  0.00000E+00  0.00000E+00  0.00000E+00 -6.48077E-01  0.00000E+00  0.00000E+00  0.00000E+00  0.00000E+00  2.41995E-02 -2.74402E-01
 OMEGA(6,6)    1.91775E-02  1.45112E-02 -5.92153E-03  7.35274E-03 -9.47807E-03 -4.00665E-02  0.00000E+00  0.00000E+00 -1.18988E-02  0.00000E+00  0.00000E+00 -1.06176E-01  1.09829E-02  0.00000E+00  0.00000E+00  0.00000E+00  0.00000E+00  1.89285E-01  0.00000E+00  0.00000E+00  0.00000E+00  0.00000E+00 -2.74402E-01  2.68904E-02
TABLE NO.     2: MCMC Bayesian Analysis: Problem=1 Subproblem=0 Superproblem1=0 Iteration1=0 Superproblem2=0 Iteration2=0
 NAME         THETA1       THETA2       SIGMA(1,1)   OMEGA(1,1)   OMEGA(2,1)   OMEGA(2,2)   OMEGA(3,1)   OMEGA(3,2)   OMEGA(3,3)   OMEGA(4,1)   OMEGA(4,2)   OMEGA(4,3)   OMEGA(4,4)   OMEGA(5,1)   OMEGA(5,2)   OMEGA(5,3)   OMEGA(5,4)   OMEGA(5,5)   OMEGA(6,1)   OMEGA(6,2)   OMEGA(6,3)   OMEGA(6,4)   OMEGA(6,5)   OMEGA(6,6)
 THETA1        2.17985E-03  6.51233E-02 -2.91255E-02 -4.24451E-02  4.93893E-02 -4.48895E-02  0.00000E+00  0.00000E+00  2.72897E-02  0.00000E+00  0.00000E+00  1.39135E-02 -3.50419E-02  0.00000E+00  0.00000E+00  0.00000E+00  0.00000E+00 -5.31248E-02  0.00000E+00  0.00000E+00  0.00000E+00  0.00000E+00  1.70532E-02 -5.49288E-03
 THETA2        6.51233E-02  2.41615E-03  2.35686E-02  4.01428E-02  1.62098E-02 -4.39889E-02  0.00000E+00  0.00000E+00 -6.87472E-03  0.00000E+00  0.00000E+00  1.94324E-02 -4.53961E-02  0.00000E+00  0.00000E+00  0.00000E+00  0.00000E+00  2.40664E-02  0.00000E+00  0.00000E+00  0.00000E+00  0.00000E+00 -7.78327E-02  6.70687E-03
 SIGMA(1,1)   -2.91255E-02  2.35686E-02  1.26779E-04 -6.70243E-02 -2.85357E-02 -8.53175E-04  0.00000E+00  0.00000E+00  7.35046E-02  0.00000E+00  0.00000E+00  6.73542E-02  4.61532E-02  0.00000E+00  0.00000E+00  0.00000E+00  0.00000E+00  2.23227E-02  0.00000E+00  0.00000E+00  0.00000E+00  0.00000E+00  8.72912E-03 -3.01488E-02
 OMEGA(1,1)   -4.24451E-02  4.01428E-02 -6.70243E-02  3.62141E-04  8.49383E-02 -4.39371E-02  0.00000E+00  0.00000E+00 -1.78796E-03  0.00000E+00  0.00000E+00 -5.35685E-02 -2.19501E-02  0.00000E+00  0.00000E+00  0.00000E+00  0.00000E+00 -7.46802E-03  0.00000E+00  0.00000E+00  0.00000E+00  0.00000E+00 -4.73954E-02  3.50957E-02
 OMEGA(2,1)    4.93893E-02  1.62098E-02 -2.85357E-02  8.49383E-02  2.75031E-04  3.75959E-02  0.00000E+00  0.00000E+00  1.22189E-02  0.00000E+00  0.00000E+00 -2.35313E-02  2.71978E-02  0.00000E+00  0.00000E+00  0.00000E+00  0.00000E+00 -1.97769E-02  0.00000E+00  0.00000E+00  0.00000E+00  0.00000E+00 -2.22808E-02  3.35715E-02
 OMEGA(2,2)   -4.48895E-02 -4.39889E-02 -8.53175E-04 -4.39371E-02  3.75959E-02  4.09653E-04  0.00000E+00  0.00000E+00 -1.99395E-02  0.00000E+00  0.00000E+00 -1.57151E-02 -1.18841E-02  0.00000E+00  0.00000E+00  0.00000E+00  0.00000E+00 -7.04899E-04  0.00000E+00  0.00000E+00  0.00000E+00  0.00000E+00  4.86736E-02  7.26921E-02
 OMEGA(3,1)    0.00000E+00  0.00000E+00  0.00000E+00  0.00000E+00  0.00000E+00  0.00000E+00  0.00000E+00  0.00000E+00  0.00000E+00  0.00000E+00  0.00000E+00  0.00000E+00  0.00000E+00  0.00000E+00  0.00000E+00  0.00000E+00  0.00000E+00  0.00000E+00  0.00000E+00  0.00000E+00  0.00000E+00  0.00000E+00  0.00000E+00  0.00000E+00
 OMEGA(3,2)    0.00000E+00  0.00000E+00  0.00000E+00  0.00000E+00  0.00000E+00  0.00000E+00  0.00000E+00  0.00000E+00  0.00000E+00  0.00000E+00  0.00000E+00  0.00000E+00  0.00000E+00  0.00000E+00  0.00000E+00  0.00000E+00  0.00000E+00  0.00000E+00  0.00000E+00  0.00000E+00  0.00000E+00  0.00000E+00  0.00000E+00  0.00000E+00
 OMEGA(3,3)    2.72897E-02 -6.87472E-03  7.35046E-02 -1.78796E-03  1.22189E-02 -1.99395E-02  0.00000E+00  0.00000E+00  2.60703E-03  0.00000E+00  0.00000E+00  7.47730E-02 -6.53896E-03  0.00000E+00  0.00000E+00  0.00000E+00  0.00000E+00 -2.72708E-02  0.00000E+00  0.00000E+00  0.00000E+00  0.00000E+00 -3.00862E-03 -3.82440E-02
 OMEGA(4,1)    0.00000E+00  0.00000E+00  0.00000E+00  0.00000E+00  0.00000E+00  0.00000E+00  0.00000E+00  0.00000E+00  0.00000E+00  0.00000E+00  0.00000E+00  0.00000E+00  0.00000E+00  0.00000E+00  0.00000E+00  0.00000E+00  0.00000E+00  0.00000E+00  0.00000E+00  0.00000E+00  0.00000E+00  0.00000E+00  0.00000E+00  0.00000E+00
 OMEGA(4,2)    0.00000E+00  0.00000E+00  0.00000E+00  0.00000E+00  0.00000E+00  0.00000E+00  0.00000E+00  0.00000E+00  0.00000E+00  0.00000E+00  0.00000E+00  0.00000E+00  0.00000E+00  0.00000E+00  0.00000E+00  0.00000E+00  0.00000E+00  0.00000E+00  0.00000E+00  0.00000E+00  0.00000E+00  0.00000E+00  0.00000E+00  0.00000E+00
 OMEGA(4,3)    1.39135E-02  1.94324E-02  6.73542E-02 -5.35685E-02 -2.35313E-02 -1.57151E-02  0.00000E+00  0.00000E+00  7.47730E-02  0.00000E+00  0.00000E+00  1.93523E-03  9.12849E-02  0.00000E+00  0.00000E+00  0.00000E+00  0.00000E+00  2.09675E-02  0.00000E+00  0.00000E+00  0.00000E+00  0.00000E+00  5.24252E-02 -1.17641E-02
 OMEGA(4,4)   -3.50419E-02 -4.53961E-02  4.61532E-02 -2.19501E-02  2.71978E-02 -1.18841E-02  0.00000E+00  0.00000E+00 -6.53896E-03  0.00000E+00  0.00000E+00  9.12849E-02  2.89243E-03  0.00000E+00  0.00000E+00  0.00000E+00  0.00000E+00  1.87888E-02  0.00000E+00  0.00000E+00  0.00000E+00  0.00000E+00  2.74444E-04 -7.52129E-03
 OMEGA(5,1)    0.00000E+00  0.00000E+00  0.00000E+00  0.00000E+00  0.00000E+00  0.00000E+00  0.00000E+00  0.00000E+00  0.00000E+00  0.00000E+00  0.00000E+00  0.00000E+00  0.00000E+00  0.00000E+00  0.00000E+00  0.00000E+00  0.00000E+00  0.00000E+00  0.00000E+00  0.00000E+00  0.00000E+00  0.00000E+00  0.00000E+00  0.00000E+00
 OMEGA(5,2)    0.00000E+00  0.00000E+00  0.00000E+00  0.00000E+00  0.00000E+00  0.00000E+00  0.00000E+00  0.00000E+00  0.00000E+00  0.00000E+00  0.00000E+00  0.00000E+00  0.00000E+00  0.00000E+00  0.00000E+00  0.00000E+00  0.00000E+00  0.00000E+00  0.00000E+00  0.00000E+00  0.00000E+00  0.00000E+00  0.00000E+00  0.00000E+00
 OMEGA(5,3)    0.00000E+00  0.00000E+00  0.00000E+00  0.00000E+00  0.00000E+00  0.00000E+00  0.00000E+00  0.00000E+00  0.00000E+00  0.00000E+00  0.00000E+00  0.00000E+00  0.00000E+00  0.00000E+00  0.00000E+00  0.00000E+00  0.00000E+00  0.00000E+00  0.00000E+00  0.00000E+00  0.00000E+00  0.00000E+00  0.00000E+00  0.00000E+00
 OMEGA(5,4)    0.00000E+00  0.00000E+00  0.00000E+00  0.00000E+00  0.00000E+00  0.00000E+00  0.00000E+00  0.00000E+00  0.00000E+00  0.00000E+00  0.00000E+00  0.00000E+00  0.00000E+00  0.00000E+00  0.00000E+00  0.00000E+00  0.00000E+00  0.00000E+00  0.00000E+00  0.00000E+00  0.00000E+00  0.00000E+00  0.00000E+00  0.00000E+00
 OMEGA(5,5)   -5.31248E-02  2.40664E-02  2.23227E-02 -7.46802E-03 -1.97769E-02 -7.04899E-04  0.00000E+00  0.00000E+00 -2.72708E-02  0.00000E+00  0.00000E+00  2.09675E-02  1.87888E-02  0.00000E+00  0.00000E+00  0.00000E+00  0.00000E+00  3.25272E-02  0.00000E+00  0.00000E+00  0.00000E+00  0.00000E+00 -2.61884E-01  9.58590E-02
 OMEGA(6,1)    0.00000E+00  0.00000E+00  0.00000E+00  0.00000E+00  0.00000E+00  0.00000E+00  0.00000E+00  0.00000E+00  0.00000E+00  0.00000E+00  0.00000E+00  0.00000E+00  0.00000E+00  0.00000E+00  0.00000E+00  0.00000E+00  0.00000E+00  0.00000E+00  0.00000E+00  0.00000E+00  0.00000E+00  0.00000E+00  0.00000E+00  0.00000E+00
 OMEGA(6,2)    0.00000E+00  0.00000E+00  0.00000E+00  0.00000E+00  0.00000E+00  0.00000E+00  0.00000E+00  0.00000E+00  0.00000E+00  0.00000E+00  0.00000E+00  0.00000E+00  0.00000E+00  0.00000E+00  0.00000E+00  0.00000E+00  0.00000E+00  0.00000E+00  0.00000E+00  0.00000E+00  0.00000E+00  0.00000E+00  0.00000E+00  0.00000E+00
 OMEGA(6,3)    0.00000E+00  0.00000E+00  0.00000E+00  0.00000E+00  0.00000E+00  0.00000E+00  0.00000E+00  0.00000E+00  0.00000E+00  0.00000E+00  0.00000E+00  0.00000E+00  0.00000E+00  0.00000E+00  0.00000E+00  0.00000E+00  0.00000E+00  0.00000E+00  0.00000E+00  0.00000E+00  0.00000E+00  0.00000E+00  0.00000E+00  0.00000E+00
 OMEGA(6,4)    0.00000E+00  0.00000E+00  0.00000E+00  0.00000E+00  0.00000E+00  0.00000E+00  0.00000E+00  0.00000E+00  0.00000E+00  0.00000E+00  0.00000E+00  0.00000E+00  0.00000E+00  0.00000E+00  0.00000E+00  0.00000E+00  0.00000E+00  0.00000E+00  0.00000E+00  0.00000E+00  0.00000E+00  0.00000E+00  0.00000E+00  0.00000E+00
 OMEGA(6,5)    1.70532E-02 -7.78327E-02  8.72912E-03 -4.73954E-02 -2.22808E-02  4.86736E-02  0.00000E+00  0.00000E+00 -3.00862E-03  0.00000E+00  0.00000E+00  5.24252E-02  2.74444E-04  0.00000E+00  0.00000E+00  0.00000E+00  0.00000E+00 -2.61884E-01  0.00000E+00  0.00000E+00  0.00000E+00  0.00000E+00  2.11576E-02 -2.42650E-01
 OMEGA(6,6)   -5.49288E-03  6.70687E-03 -3.01488E-02  3.50957E-02  3.35715E-02  7.26921E-02  0.00000E+00  0.00000E+00 -3.82440E-02  0.00000E+00  0.00000E+00 -1.17641E-02 -7.52129E-03  0.00000E+00  0.00000E+00  0.00000E+00  0.00000E+00  9.58590E-02  0.00000E+00  0.00000E+00  0.00000E+00  0.00000E+00 -2.42650E-01  2.80265E-02
