TABLE NO.     1: Iterative Two Stage: Problem=1 Subproblem=0 Superproblem1=0 Iteration1=0 Superproblem2=0 Iteration2=0
 NAME         THETA1       THETA2       THETA3       SIGMA(1,1)   OMEGA(1,1)   OMEGA(2,1)   OMEGA(2,2)   OMEGA(3,1)   OMEGA(3,2)   OMEGA(3,3)   OMEGA(4,1)   OMEGA(4,2)   OMEGA(4,3)   OMEGA(4,4)   OMEGA(5,1)   OMEGA(5,2)   OMEGA(5,3)   OMEGA(5,4)   OMEGA(5,5)   OMEGA(6,1)   OMEGA(6,2)   OMEGA(6,3)   OMEGA(6,4)   OMEGA(6,5)   OMEGA(6,6)
 THETA1        3.27368E-05  1.14670E-06  1.86150E-06  3.79951E-09 -3.51733E-07  1.62284E-07 -4.80378E-10  7.16060E-07  4.28486E-08  8.28091E-08  0.00000E+00  0.00000E+00  0.00000E+00  2.37825E-06  0.00000E+00  0.00000E+00  0.00000E+00  5.83140E-07  3.57906E-08  0.00000E+00  0.00000E+00  0.00000E+00  1.66199E-06  1.03029E-06 -3.54948E-07
 THETA2        1.14670E-06  1.34591E-05  1.44094E-06 -5.27646E-10  1.18598E-07 -1.94520E-08  2.75104E-07  5.12744E-08 -3.88836E-08  8.74867E-08  0.00000E+00  0.00000E+00  0.00000E+00  6.64064E-07  0.00000E+00  0.00000E+00  0.00000E+00  5.73709E-07 -3.58655E-07  0.00000E+00  0.00000E+00  0.00000E+00  1.23011E-06  3.53113E-07  1.46853E-06
 THETA3        1.86150E-06  1.44094E-06  1.32781E-05  3.08013E-09  2.04384E-07  2.84214E-08 -3.40310E-08  5.66485E-08  7.11536E-08  5.78067E-09  0.00000E+00  0.00000E+00  0.00000E+00  3.59639E-07  0.00000E+00  0.00000E+00  0.00000E+00  4.01262E-07  1.85554E-08  0.00000E+00  0.00000E+00  0.00000E+00  7.45081E-07  1.00397E-07  6.12887E-07
 SIGMA(1,1)    3.79951E-09 -5.27646E-10  3.08013E-09  3.09432E-09 -3.27302E-09 -4.01516E-10 -1.58588E-09 -2.65056E-09 -1.41384E-09 -2.14395E-09  0.00000E+00  0.00000E+00  0.00000E+00  3.10902E-08  0.00000E+00  0.00000E+00  0.00000E+00 -5.35010E-09  4.78558E-08  0.00000E+00  0.00000E+00  0.00000E+00  2.25098E-08  1.77595E-09 -1.18237E-08
 OMEGA(1,1)   -3.51733E-07  1.18598E-07  2.04384E-07 -3.27302E-09  8.39573E-07  3.27835E-08  6.75143E-09  6.81416E-08  1.20804E-08  3.90916E-08  0.00000E+00  0.00000E+00  0.00000E+00 -6.81916E-07  0.00000E+00  0.00000E+00  0.00000E+00  2.93306E-07 -2.77588E-07  0.00000E+00  0.00000E+00  0.00000E+00 -4.77467E-08 -1.19069E-07  2.93386E-07
 OMEGA(2,1)    1.62284E-07 -1.94520E-08  2.84214E-08 -4.01516E-10  3.27835E-08  2.95986E-07  1.78256E-08  5.92342E-08  2.65401E-08  1.30597E-08  0.00000E+00  0.00000E+00  0.00000E+00  1.70188E-07  0.00000E+00  0.00000E+00  0.00000E+00 -8.02967E-08  1.49118E-07  0.00000E+00  0.00000E+00  0.00000E+00  3.69903E-08 -4.92053E-08 -4.57388E-07
 OMEGA(2,2)   -4.80378E-10  2.75104E-07 -3.40310E-08 -1.58588E-09  6.75143E-09  1.78256E-08  2.73662E-07  1.29268E-08  4.04061E-08  1.52062E-08  0.00000E+00  0.00000E+00  0.00000E+00  1.43405E-07  0.00000E+00  0.00000E+00  0.00000E+00  7.28252E-08 -7.08235E-08  0.00000E+00  0.00000E+00  0.00000E+00  4.01424E-07  8.08236E-08  5.96613E-07
 OMEGA(3,1)    7.16060E-07  5.12744E-08  5.66485E-08 -2.65056E-09  6.81416E-08  5.92342E-08  1.29268E-08  4.76389E-07  2.78058E-08  7.32955E-08  0.00000E+00  0.00000E+00  0.00000E+00  2.07934E-07  0.00000E+00  0.00000E+00  0.00000E+00  3.23107E-07 -7.19579E-07  0.00000E+00  0.00000E+00  0.00000E+00 -3.37499E-08  8.43047E-08 -4.31159E-07
 OMEGA(3,2)    4.28486E-08 -3.88836E-08  7.11536E-08 -1.41384E-09  1.20804E-08  2.65401E-08  4.04061E-08  2.78058E-08  1.48050E-07  2.58338E-08  0.00000E+00  0.00000E+00  0.00000E+00 -1.69411E-07  0.00000E+00  0.00000E+00  0.00000E+00 -9.90926E-08  2.43383E-07  0.00000E+00  0.00000E+00  0.00000E+00 -1.55505E-07 -1.74968E-07 -1.91363E-07
 OMEGA(3,3)    8.28091E-08  8.74867E-08  5.78067E-09 -2.14395E-09  3.90916E-08  1.30597E-08  1.52062E-08  7.32955E-08  2.58338E-08  2.77320E-07  0.00000E+00  0.00000E+00  0.00000E+00 -9.48367E-08  0.00000E+00  0.00000E+00  0.00000E+00  1.49788E-07  4.67241E-08  0.00000E+00  0.00000E+00  0.00000E+00 -3.50263E-07 -1.33024E-08 -4.45958E-07
 OMEGA(4,1)    0.00000E+00  0.00000E+00  0.00000E+00  0.00000E+00  0.00000E+00  0.00000E+00  0.00000E+00  0.00000E+00  0.00000E+00  0.00000E+00  0.00000E+00  0.00000E+00  0.00000E+00  0.00000E+00  0.00000E+00  0.00000E+00  0.00000E+00  0.00000E+00  0.00000E+00  0.00000E+00  0.00000E+00  0.00000E+00  0.00000E+00  0.00000E+00  0.00000E+00
 OMEGA(4,2)    0.00000E+00  0.00000E+00  0.00000E+00  0.00000E+00  0.00000E+00  0.00000E+00  0.00000E+00  0.00000E+00  0.00000E+00  0.00000E+00  0.00000E+00  0.00000E+00  0.00000E+00  0.00000E+00  0.00000E+00  0.00000E+00  0.00000E+00  0.00000E+00  0.00000E+00  0.00000E+00  0.00000E+00  0.00000E+00  0.00000E+00  0.00000E+00  0.00000E+00
 OMEGA(4,3)    0.00000E+00  0.00000E+00  0.00000E+00  0.00000E+00  0.00000E+00  0.00000E+00  0.00000E+00  0.00000E+00  0.00000E+00  0.00000E+00  0.00000E+00  0.00000E+00  0.00000E+00  0.00000E+00  0.00000E+00  0.00000E+00  0.00000E+00  0.00000E+00  0.00000E+00  0.00000E+00  0.00000E+00  0.00000E+00  0.00000E+00  0.00000E+00  0.00000E+00
 OMEGA(4,4)    2.37825E-06  6.64064E-07  3.59639E-07  3.10902E-08 -6.81916E-07  1.70188E-07  1.43405E-07  2.07934E-07 -1.69411E-07 -9.48367E-08  0.00000E+00  0.00000E+00  0.00000E+00  1.34890E-04  0.00000E+00  0.00000E+00  0.00000E+00 -1.80599E-05  3.04378E-05  0.00000E+00  0.00000E+00  0.00000E+00  1.33874E-04 -3.90121E-05  1.77294E-04
 OMEGA(5,1)    0.00000E+00  0.00000E+00  0.00000E+00  0.00000E+00  0.00000E+00  0.00000E+00  0.00000E+00  0.00000E+00  0.00000E+00  0.00000E+00  0.00000E+00  0.00000E+00  0.00000E+00  0.00000E+00  0.00000E+00  0.00000E+00  0.00000E+00  0.00000E+00  0.00000E+00  0.00000E+00  0.00000E+00  0.00000E+00  0.00000E+00  0.00000E+00  0.00000E+00
 OMEGA(5,2)    0.00000E+00  0.00000E+00  0.00000E+00  0.00000E+00  0.00000E+00  0.00000E+00  0.00000E+00  0.00000E+00  0.00000E+00  0.00000E+00  0.00000E+00  0.00000E+00  0.00000E+00  0.00000E+00  0.00000E+00  0.00000E+00  0.00000E+00  0.00000E+00  0.00000E+00  0.00000E+00  0.00000E+00  0.00000E+00  0.00000E+00  0.00000E+00  0.00000E+00
 OMEGA(5,3)    0.00000E+00  0.00000E+00  0.00000E+00  0.00000E+00  0.00000E+00  0.00000E+00  0.00000E+00  0.00000E+00  0.00000E+00  0.00000E+00  0.00000E+00  0.00000E+00  0.00000E+00  0.00000E+00  0.00000E+00  0.00000E+00  0.00000E+00  0.00000E+00  0.00000E+00  0.00000E+00  0.00000E+00  0.00000E+00  0.00000E+00  0.00000E+00  0.00000E+00
 OMEGA(5,4)    5.83140E-07  5.73709E-07  4.01262E-07 -5.35010E-09  2.93306E-07 -8.02967E-08  7.28252E-08  3.23107E-07 -9.90926E-08  1.49788E-07  0.00000E+00  0.00000E+00  0.00000E+00 -1.80599E-05  0.00000E+00  0.00000E+00  0.00000E+00  1.02740E-04 -8.20288E-05  0.00000E+00  0.00000E+00  0.00000E+00 -5.27231E-05  9.46200E-05 -9.07739E-05
 OMEGA(5,5)    3.57906E-08 -3.58655E-07  1.85554E-08  4.78558E-08 -2.77588E-07  1.49118E-07 -7.08235E-08 -7.19579E-07  2.43383E-07  4.67241E-08  0.00000E+00  0.00000E+00  0.00000E+00  3.04378E-05  0.00000E+00  0.00000E+00  0.00000E+00 -8.20288E-05  2.35307E-04  0.00000E+00  0.00000E+00  0.00000E+00  2.86408E-05 -7.81092E-05  2.15428E-05
 OMEGA(6,1)    0.00000E+00  0.00000E+00  0.00000E+00  0.00000E+00  0.00000E+00  0.00000E+00  0.00000E+00  0.00000E+00  0.00000E+00  0.00000E+00  0.00000E+00  0.00000E+00  0.00000E+00  0.00000E+00  0.00000E+00  0.00000E+00  0.00000E+00  0.00000E+00  0.00000E+00  0.00000E+00  0.00000E+00  0.00000E+00  0.00000E+00  0.00000E+00  0.00000E+00
 OMEGA(6,2)    0.00000E+00  0.00000E+00  0.00000E+00  0.00000E+00  0.00000E+00  0.00000E+00  0.00000E+00  0.00000E+00  0.00000E+00  0.00000E+00  0.00000E+00  0.00000E+00  0.00000E+00  0.00000E+00  0.00000E+00  0.00000E+00  0.00000E+00  0.00000E+00  0.00000E+00  0.00000E+00  0.00000E+00  0.00000E+00  0.00000E+00  0.00000E+00  0.00000E+00
 OMEGA(6,3)    0.00000E+00  0.00000E+00  0.00000E+00  0.00000E+00  0.00000E+00  0.00000E+00  0.00000E+00  0.00000E+00  0.00000E+00  0.00000E+00  0.00000E+00  0.00000E+00  0.00000E+00  0.00000E+00  0.00000E+00  0.00000E+00  0.00000E+00  0.00000E+00  0.00000E+00  0.00000E+00  0.00000E+00  0.00000E+00  0.00000E+00  0.00000E+00  0.00000E+00
 OMEGA(6,4)    1.66199E-06  1.23011E-06  7.45081E-07  2.25098E-08 -4.77467E-08  3.69903E-08  4.01424E-07 -3.37499E-08 -1.55505E-07 -3.50263E-07  0.00000E+00  0.00000E+00  0.00000E+00  1.33874E-04  0.00000E+00  0.00000E+00  0.00000E+00 -5.27231E-05  2.86408E-05  0.00000E+00  0.00000E+00  0.00000E+00  2.68078E-04 -1.03316E-04  4.25702E-04
 OMEGA(6,5)    1.03029E-06  3.53113E-07  1.00397E-07  1.77595E-09 -1.19069E-07 -4.92053E-08  8.08236E-08  8.43047E-08 -1.74968E-07 -1.33024E-08  0.00000E+00  0.00000E+00  0.00000E+00 -3.90121E-05  0.00000E+00  0.00000E+00  0.00000E+00  9.46200E-05 -7.81092E-05  0.00000E+00  0.00000E+00  0.00000E+00 -1.03316E-04  1.43745E-04 -2.01138E-04
 OMEGA(6,6)   -3.54948E-07  1.46853E-06  6.12887E-07 -1.18237E-08  2.93386E-07 -4.57388E-07  5.96613E-07 -4.31159E-07 -1.91363E-07 -4.45958E-07  0.00000E+00  0.00000E+00  0.00000E+00  1.77294E-04  0.00000E+00  0.00000E+00  0.00000E+00 -9.07739E-05  2.15428E-05  0.00000E+00  0.00000E+00  0.00000E+00  4.25702E-04 -2.01138E-04  8.39606E-04
TABLE NO.     2: Importance Sampling: Problem=1 Subproblem=0 Superproblem1=0 Iteration1=0 Superproblem2=0 Iteration2=0
 NAME         THETA1       THETA2       THETA3       SIGMA(1,1)   OMEGA(1,1)   OMEGA(2,1)   OMEGA(2,2)   OMEGA(3,1)   OMEGA(3,2)   OMEGA(3,3)   OMEGA(4,1)   OMEGA(4,2)   OMEGA(4,3)   OMEGA(4,4)   OMEGA(5,1)   OMEGA(5,2)   OMEGA(5,3)   OMEGA(5,4)   OMEGA(5,5)   OMEGA(6,1)   OMEGA(6,2)   OMEGA(6,3)   OMEGA(6,4)   OMEGA(6,5)   OMEGA(6,6)
 THETA1        3.10685E-05  1.15236E-06  1.80183E-06  1.87199E-09 -1.42823E-08 -4.98343E-08  6.07322E-09  1.04175E-07 -4.90147E-09  2.29964E-09  0.00000E+00  0.00000E+00  0.00000E+00  1.75033E-06  0.00000E+00  0.00000E+00  0.00000E+00  5.11232E-07  7.10894E-07  0.00000E+00  0.00000E+00  0.00000E+00  1.77789E-06  1.02360E-06  7.62979E-07
 THETA2        1.15236E-06  1.28316E-05  1.45837E-06  2.46720E-09 -1.85218E-09 -7.90974E-09  1.10456E-08  6.36524E-10 -6.51386E-10 -4.51536E-10  0.00000E+00  0.00000E+00  0.00000E+00  5.64665E-07  0.00000E+00  0.00000E+00  0.00000E+00  3.21626E-07 -3.98800E-08  0.00000E+00  0.00000E+00  0.00000E+00  8.60411E-07  1.64115E-07  8.53449E-07
 THETA3        1.80183E-06  1.45837E-06  1.29290E-05  2.77590E-09 -9.00048E-10 -2.77494E-09  4.05366E-09 -5.56737E-09  4.01370E-10  1.39943E-09  0.00000E+00  0.00000E+00  0.00000E+00  6.32009E-07  0.00000E+00  0.00000E+00  0.00000E+00  3.81735E-07 -8.98585E-09  0.00000E+00  0.00000E+00  0.00000E+00  9.21938E-07  2.21232E-07  8.57093E-07
 SIGMA(1,1)    1.87199E-09  2.46720E-09  2.77590E-09  3.03424E-09 -2.49125E-09 -6.33848E-10 -4.63151E-10 -9.37325E-10 -5.27319E-10 -6.16448E-10  0.00000E+00  0.00000E+00  0.00000E+00  3.04703E-08  0.00000E+00  0.00000E+00  0.00000E+00  3.75499E-10  4.27956E-08  0.00000E+00  0.00000E+00  0.00000E+00  2.22581E-08  4.46016E-09 -1.16963E-08
 OMEGA(1,1)   -1.42823E-08 -1.85218E-09 -9.00048E-10 -2.49125E-09  7.86211E-07  5.66021E-08  2.75858E-09  9.90569E-08  4.76652E-09  5.67885E-09  0.00000E+00  0.00000E+00  0.00000E+00 -5.72121E-07  0.00000E+00  0.00000E+00  0.00000E+00  2.80118E-07 -2.95199E-07  0.00000E+00  0.00000E+00  0.00000E+00  1.21312E-08 -1.02706E-07  2.43198E-07
 OMEGA(2,1)   -4.98343E-08 -7.90974E-09 -2.77494E-09 -6.33848E-10  5.66021E-08  2.94578E-07  2.35853E-08  4.14971E-08  1.89386E-08  3.59377E-09  0.00000E+00  0.00000E+00  0.00000E+00  1.36966E-07  0.00000E+00  0.00000E+00  0.00000E+00 -6.16729E-08  1.19257E-07  0.00000E+00  0.00000E+00  0.00000E+00  4.69741E-08 -2.61127E-08 -4.05831E-07
 OMEGA(2,2)    6.07322E-09  1.10456E-08  4.05366E-09 -4.63151E-10  2.75858E-09  2.35853E-08  2.65258E-07  2.36910E-09  2.91165E-08  2.04720E-09  0.00000E+00  0.00000E+00  0.00000E+00  1.61499E-07  0.00000E+00  0.00000E+00  0.00000E+00  6.13922E-08 -6.45216E-08  0.00000E+00  0.00000E+00  0.00000E+00  4.13292E-07  9.13903E-08  5.85473E-07
 OMEGA(3,1)    1.04175E-07  6.36524E-10 -5.56737E-09 -9.37325E-10  9.90569E-08  4.14971E-08  2.36910E-09  3.72903E-07  1.32026E-08  3.47575E-08  0.00000E+00  0.00000E+00  0.00000E+00  4.86270E-08  0.00000E+00  0.00000E+00  0.00000E+00  2.76800E-07 -5.69168E-07  0.00000E+00  0.00000E+00  0.00000E+00 -8.09299E-08  7.75983E-08 -3.68351E-07
 OMEGA(3,2)   -4.90147E-09 -6.51386E-10  4.01370E-10 -5.27319E-10  4.76652E-09  1.89386E-08  2.91165E-08  1.32026E-08  1.35046E-07  3.07640E-08  0.00000E+00  0.00000E+00  0.00000E+00 -1.70618E-07  0.00000E+00  0.00000E+00  0.00000E+00 -9.78976E-08  2.56555E-07  0.00000E+00  0.00000E+00  0.00000E+00 -1.71550E-07 -1.63753E-07 -2.08611E-07
 OMEGA(3,3)    2.29964E-09 -4.51536E-10  1.39943E-09 -6.16448E-10  5.67885E-09  3.59377E-09  2.04720E-09  3.47575E-08  3.07640E-08  2.67979E-07  0.00000E+00  0.00000E+00  0.00000E+00 -1.17791E-07  0.00000E+00  0.00000E+00  0.00000E+00  1.05933E-07  1.47624E-07  0.00000E+00  0.00000E+00  0.00000E+00 -3.84926E-07 -2.96265E-08 -4.80424E-07
 OMEGA(4,1)    0.00000E+00  0.00000E+00  0.00000E+00  0.00000E+00  0.00000E+00  0.00000E+00  0.00000E+00  0.00000E+00  0.00000E+00  0.00000E+00  0.00000E+00  0.00000E+00  0.00000E+00  0.00000E+00  0.00000E+00  0.00000E+00  0.00000E+00  0.00000E+00  0.00000E+00  0.00000E+00  0.00000E+00  0.00000E+00  0.00000E+00  0.00000E+00  0.00000E+00
 OMEGA(4,2)    0.00000E+00  0.00000E+00  0.00000E+00  0.00000E+00  0.00000E+00  0.00000E+00  0.00000E+00  0.00000E+00  0.00000E+00  0.00000E+00  0.00000E+00  0.00000E+00  0.00000E+00  0.00000E+00  0.00000E+00  0.00000E+00  0.00000E+00  0.00000E+00  0.00000E+00  0.00000E+00  0.00000E+00  0.00000E+00  0.00000E+00  0.00000E+00  0.00000E+00
 OMEGA(4,3)    0.00000E+00  0.00000E+00  0.00000E+00  0.00000E+00  0.00000E+00  0.00000E+00  0.00000E+00  0.00000E+00  0.00000E+00  0.00000E+00  0.00000E+00  0.00000E+00  0.00000E+00  0.00000E+00  0.00000E+00  0.00000E+00  0.00000E+00  0.00000E+00  0.00000E+00  0.00000E+00  0.00000E+00  0.00000E+00  0.00000E+00  0.00000E+00  0.00000E+00
 OMEGA(4,4)    1.75033E-06  5.64665E-07  6.32009E-07  3.04703E-08 -5.72121E-07  1.36966E-07  1.61499E-07  4.86270E-08 -1.70618E-07 -1.17791E-07  0.00000E+00  0.00000E+00  0.00000E+00  1.34528E-04  0.00000E+00  0.00000E+00  0.00000E+00 -1.77073E-05  3.02092E-05  0.00000E+00  0.00000E+00  0.00000E+00  1.34222E-04 -3.89718E-05  1.78578E-04
 OMEGA(5,1)    0.00000E+00  0.00000E+00  0.00000E+00  0.00000E+00  0.00000E+00  0.00000E+00  0.00000E+00  0.00000E+00  0.00000E+00  0.00000E+00  0.00000E+00  0.00000E+00  0.00000E+00  0.00000E+00  0.00000E+00  0.00000E+00  0.00000E+00  0.00000E+00  0.00000E+00  0.00000E+00  0.00000E+00  0.00000E+00  0.00000E+00  0.00000E+00  0.00000E+00
 OMEGA(5,2)    0.00000E+00  0.00000E+00  0.00000E+00  0.00000E+00  0.00000E+00  0.00000E+00  0.00000E+00  0.00000E+00  0.00000E+00  0.00000E+00  0.00000E+00  0.00000E+00  0.00000E+00  0.00000E+00  0.00000E+00  0.00000E+00  0.00000E+00  0.00000E+00  0.00000E+00  0.00000E+00  0.00000E+00  0.00000E+00  0.00000E+00  0.00000E+00  0.00000E+00
 OMEGA(5,3)    0.00000E+00  0.00000E+00  0.00000E+00  0.00000E+00  0.00000E+00  0.00000E+00  0.00000E+00  0.00000E+00  0.00000E+00  0.00000E+00  0.00000E+00  0.00000E+00  0.00000E+00  0.00000E+00  0.00000E+00  0.00000E+00  0.00000E+00  0.00000E+00  0.00000E+00  0.00000E+00  0.00000E+00  0.00000E+00  0.00000E+00  0.00000E+00  0.00000E+00
 OMEGA(5,4)    5.11232E-07  3.21626E-07  3.81735E-07  3.75499E-10  2.80118E-07 -6.16729E-08  6.13922E-08  2.76800E-07 -9.78976E-08  1.05933E-07  0.00000E+00  0.00000E+00  0.00000E+00 -1.77073E-05  0.00000E+00  0.00000E+00  0.00000E+00  1.02195E-04 -8.13208E-05  0.00000E+00  0.00000E+00  0.00000E+00 -5.25725E-05  9.44049E-05 -9.06411E-05
 OMEGA(5,5)    7.10894E-07 -3.98800E-08 -8.98585E-09  4.27956E-08 -2.95199E-07  1.19257E-07 -6.45216E-08 -5.69168E-07  2.56555E-07  1.47624E-07  0.00000E+00  0.00000E+00  0.00000E+00  3.02092E-05  0.00000E+00  0.00000E+00  0.00000E+00 -8.13208E-05  2.34536E-04  0.00000E+00  0.00000E+00  0.00000E+00  2.84865E-05 -7.79914E-05  2.15950E-05
 OMEGA(6,1)    0.00000E+00  0.00000E+00  0.00000E+00  0.00000E+00  0.00000E+00  0.00000E+00  0.00000E+00  0.00000E+00  0.00000E+00  0.00000E+00  0.00000E+00  0.00000E+00  0.00000E+00  0.00000E+00  0.00000E+00  0.00000E+00  0.00000E+00  0.00000E+00  0.00000E+00  0.00000E+00  0.00000E+00  0.00000E+00  0.00000E+00  0.00000E+00  0.00000E+00
 OMEGA(6,2)    0.00000E+00  0.00000E+00  0.00000E+00  0.00000E+00  0.00000E+00  0.00000E+00  0.00000E+00  0.00000E+00  0.00000E+00  0.00000E+00  0.00000E+00  0.00000E+00  0.00000E+00  0.00000E+00  0.00000E+00  0.00000E+00  0.00000E+00  0.00000E+00  0.00000E+00  0.00000E+00  0.00000E+00  0.00000E+00  0.00000E+00  0.00000E+00  0.00000E+00
 OMEGA(6,3)    0.00000E+00  0.00000E+00  0.00000E+00  0.00000E+00  0.00000E+00  0.00000E+00  0.00000E+00  0.00000E+00  0.00000E+00  0.00000E+00  0.00000E+00  0.00000E+00  0.00000E+00  0.00000E+00  0.00000E+00  0.00000E+00  0.00000E+00  0.00000E+00  0.00000E+00  0.00000E+00  0.00000E+00  0.00000E+00  0.00000E+00  0.00000E+00  0.00000E+00
 OMEGA(6,4)    1.77789E-06  8.60411E-07  9.21938E-07  2.22581E-08  1.21312E-08  4.69741E-08  4.13292E-07 -8.09299E-08 -1.71550E-07 -3.84926E-07  0.00000E+00  0.00000E+00  0.00000E+00  1.34222E-04  0.00000E+00  0.00000E+00  0.00000E+00 -5.25725E-05  2.84865E-05  0.00000E+00  0.00000E+00  0.00000E+00  2.68359E-04 -1.03030E-04  4.26360E-04
 OMEGA(6,5)    1.02360E-06  1.64115E-07  2.21232E-07  4.46016E-09 -1.02706E-07 -2.61127E-08  9.13903E-08  7.75983E-08 -1.63753E-07 -2.96265E-08  0.00000E+00  0.00000E+00  0.00000E+00 -3.89718E-05  0.00000E+00  0.00000E+00  0.00000E+00  9.44049E-05 -7.79914E-05  0.00000E+00  0.00000E+00  0.00000E+00 -1.03030E-04  1.43776E-04 -2.01253E-04
 OMEGA(6,6)    7.62979E-07  8.53449E-07  8.57093E-07 -1.16963E-08  2.43198E-07 -4.05831E-07  5.85473E-07 -3.68351E-07 -2.08611E-07 -4.80424E-07  0.00000E+00  0.00000E+00  0.00000E+00  1.78578E-04  0.00000E+00  0.00000E+00  0.00000E+00 -9.06411E-05  2.15950E-05  0.00000E+00  0.00000E+00  0.00000E+00  4.26360E-04 -2.01253E-04  8.40164E-04
TABLE NO.     3: Stochastic Approximation Expectation-Maximization: Problem=1 Subproblem=0 Superproblem1=0 Iteration1=0 Superproblem2=0 Iteration2=0
 NAME         THETA1       THETA2       THETA3       SIGMA(1,1)   OMEGA(1,1)   OMEGA(2,1)   OMEGA(2,2)   OMEGA(3,1)   OMEGA(3,2)   OMEGA(3,3)   OMEGA(4,1)   OMEGA(4,2)   OMEGA(4,3)   OMEGA(4,4)   OMEGA(5,1)   OMEGA(5,2)   OMEGA(5,3)   OMEGA(5,4)   OMEGA(5,5)   OMEGA(6,1)   OMEGA(6,2)   OMEGA(6,3)   OMEGA(6,4)   OMEGA(6,5)   OMEGA(6,6)
 THETA1        2.97516E-05  1.25252E-06  1.37175E-06  1.94703E-09 -5.77911E-07  4.45657E-08  3.96285E-08  5.09907E-07  4.35191E-09  6.29459E-08  0.00000E+00  0.00000E+00  0.00000E+00  7.48887E-07  0.00000E+00  0.00000E+00  0.00000E+00 -3.48320E-07  3.12954E-06  0.00000E+00  0.00000E+00  0.00000E+00 -8.82297E-07  1.22265E-06 -3.61466E-06
 THETA2        1.25252E-06  1.33721E-05  1.32593E-06  2.18842E-09  4.83601E-09  2.57691E-08  2.59236E-07 -3.95058E-09 -4.97683E-08  7.95531E-08  0.00000E+00  0.00000E+00  0.00000E+00  6.83358E-07  0.00000E+00  0.00000E+00  0.00000E+00  2.92505E-07  4.08690E-08  0.00000E+00  0.00000E+00  0.00000E+00  1.03816E-06  1.95644E-07  9.11185E-07
 THETA3        1.37175E-06  1.32593E-06  1.31323E-05  4.59654E-09  9.45949E-08 -1.55582E-08 -4.72080E-08  2.58902E-08  6.56706E-08  7.71388E-09  0.00000E+00  0.00000E+00  0.00000E+00  3.12951E-07  0.00000E+00  0.00000E+00  0.00000E+00  1.54657E-07  2.62577E-07  0.00000E+00  0.00000E+00  0.00000E+00  5.37661E-07 -7.86189E-08  2.45867E-07
 SIGMA(1,1)    1.94703E-09  2.18842E-09  4.59654E-09  3.02003E-09 -3.45888E-09  2.16446E-10 -1.55831E-09 -2.21183E-09 -1.37835E-09 -2.03371E-09  0.00000E+00  0.00000E+00  0.00000E+00  2.67188E-08  0.00000E+00  0.00000E+00  0.00000E+00 -5.91490E-09  4.97464E-08  0.00000E+00  0.00000E+00  0.00000E+00  1.31375E-08  5.53073E-10 -3.11794E-08
 OMEGA(1,1)   -5.77911E-07  4.83601E-09  9.45949E-08 -3.45888E-09  7.98882E-07  2.26733E-08 -5.91759E-09  2.48806E-08  1.76572E-09  3.10403E-08  0.00000E+00  0.00000E+00  0.00000E+00 -5.12099E-07  0.00000E+00  0.00000E+00  0.00000E+00  4.17690E-07 -6.42009E-07  0.00000E+00  0.00000E+00  0.00000E+00  1.78077E-07 -6.78044E-08  9.39212E-07
 OMEGA(2,1)    4.45657E-08  2.57691E-08 -1.55582E-08  2.16446E-10  2.26733E-08  2.60929E-07  2.03244E-08  2.94687E-08  1.51675E-08  8.16033E-09  0.00000E+00  0.00000E+00  0.00000E+00  1.22996E-07  0.00000E+00  0.00000E+00  0.00000E+00 -1.50336E-08  2.88996E-07  0.00000E+00  0.00000E+00  0.00000E+00  2.77745E-08 -9.40401E-10 -3.40138E-07
 OMEGA(2,2)    3.96285E-08  2.59236E-07 -4.72080E-08 -1.55831E-09 -5.91759E-09  2.03244E-08  2.70354E-07  4.70755E-09  3.69161E-08  1.16521E-08  0.00000E+00  0.00000E+00  0.00000E+00  1.47181E-07  0.00000E+00  0.00000E+00  0.00000E+00  6.78676E-08 -3.43390E-08  0.00000E+00  0.00000E+00  0.00000E+00  4.02417E-07  8.57679E-08  5.82348E-07
 OMEGA(3,1)    5.09907E-07 -3.95058E-09  2.58902E-08 -2.21183E-09  2.48806E-08  2.94687E-08  4.70755E-09  3.82772E-07  2.00902E-08  5.83636E-08  0.00000E+00  0.00000E+00  0.00000E+00  2.38506E-07  0.00000E+00  0.00000E+00  0.00000E+00  4.20360E-07 -5.86853E-07  0.00000E+00  0.00000E+00  0.00000E+00  5.12163E-09  2.56234E-07 -9.60499E-08
 OMEGA(3,2)    4.35191E-09 -4.97683E-08  6.56706E-08 -1.37835E-09  1.76572E-09  1.51675E-08  3.69161E-08  2.00902E-08  1.43537E-07  1.93011E-08  0.00000E+00  0.00000E+00  0.00000E+00 -1.71976E-07  0.00000E+00  0.00000E+00  0.00000E+00 -1.04517E-07  2.64955E-07  0.00000E+00  0.00000E+00  0.00000E+00 -1.48272E-07 -1.67027E-07 -1.56828E-07
 OMEGA(3,3)    6.29459E-08  7.95531E-08  7.71388E-09 -2.03371E-09  3.10403E-08  8.16033E-09  1.16521E-08  5.83636E-08  1.93011E-08  2.66106E-07  0.00000E+00  0.00000E+00  0.00000E+00 -8.14112E-08  0.00000E+00  0.00000E+00  0.00000E+00  1.49363E-07  4.59961E-08  0.00000E+00  0.00000E+00  0.00000E+00 -3.14293E-07  1.14938E-08 -3.37269E-07
 OMEGA(4,1)    0.00000E+00  0.00000E+00  0.00000E+00  0.00000E+00  0.00000E+00  0.00000E+00  0.00000E+00  0.00000E+00  0.00000E+00  0.00000E+00  0.00000E+00  0.00000E+00  0.00000E+00  0.00000E+00  0.00000E+00  0.00000E+00  0.00000E+00  0.00000E+00  0.00000E+00  0.00000E+00  0.00000E+00  0.00000E+00  0.00000E+00  0.00000E+00  0.00000E+00
 OMEGA(4,2)    0.00000E+00  0.00000E+00  0.00000E+00  0.00000E+00  0.00000E+00  0.00000E+00  0.00000E+00  0.00000E+00  0.00000E+00  0.00000E+00  0.00000E+00  0.00000E+00  0.00000E+00  0.00000E+00  0.00000E+00  0.00000E+00  0.00000E+00  0.00000E+00  0.00000E+00  0.00000E+00  0.00000E+00  0.00000E+00  0.00000E+00  0.00000E+00  0.00000E+00
 OMEGA(4,3)    0.00000E+00  0.00000E+00  0.00000E+00  0.00000E+00  0.00000E+00  0.00000E+00  0.00000E+00  0.00000E+00  0.00000E+00  0.00000E+00  0.00000E+00  0.00000E+00  0.00000E+00  0.00000E+00  0.00000E+00  0.00000E+00  0.00000E+00  0.00000E+00  0.00000E+00  0.00000E+00  0.00000E+00  0.00000E+00  0.00000E+00  0.00000E+00  0.00000E+00
 OMEGA(4,4)    7.48887E-07  6.83358E-07  3.12951E-07  2.67188E-08 -5.12099E-07  1.22996E-07  1.47181E-07  2.38506E-07 -1.71976E-07 -8.14112E-08  0.00000E+00  0.00000E+00  0.00000E+00  1.38383E-04  0.00000E+00  0.00000E+00  0.00000E+00 -1.63180E-05  2.99706E-05  0.00000E+00  0.00000E+00  0.00000E+00  1.35949E-04 -3.83769E-05  1.80339E-04
 OMEGA(5,1)    0.00000E+00  0.00000E+00  0.00000E+00  0.00000E+00  0.00000E+00  0.00000E+00  0.00000E+00  0.00000E+00  0.00000E+00  0.00000E+00  0.00000E+00  0.00000E+00  0.00000E+00  0.00000E+00  0.00000E+00  0.00000E+00  0.00000E+00  0.00000E+00  0.00000E+00  0.00000E+00  0.00000E+00  0.00000E+00  0.00000E+00  0.00000E+00  0.00000E+00
 OMEGA(5,2)    0.00000E+00  0.00000E+00  0.00000E+00  0.00000E+00  0.00000E+00  0.00000E+00  0.00000E+00  0.00000E+00  0.00000E+00  0.00000E+00  0.00000E+00  0.00000E+00  0.00000E+00  0.00000E+00  0.00000E+00  0.00000E+00  0.00000E+00  0.00000E+00  0.00000E+00  0.00000E+00  0.00000E+00  0.00000E+00  0.00000E+00  0.00000E+00  0.00000E+00
 OMEGA(5,3)    0.00000E+00  0.00000E+00  0.00000E+00  0.00000E+00  0.00000E+00  0.00000E+00  0.00000E+00  0.00000E+00  0.00000E+00  0.00000E+00  0.00000E+00  0.00000E+00  0.00000E+00  0.00000E+00  0.00000E+00  0.00000E+00  0.00000E+00  0.00000E+00  0.00000E+00  0.00000E+00  0.00000E+00  0.00000E+00  0.00000E+00  0.00000E+00  0.00000E+00
 OMEGA(5,4)   -3.48320E-07  2.92505E-07  1.54657E-07 -5.91490E-09  4.17690E-07 -1.50336E-08  6.78676E-08  4.20360E-07 -1.04517E-07  1.49363E-07  0.00000E+00  0.00000E+00  0.00000E+00 -1.63180E-05  0.00000E+00  0.00000E+00  0.00000E+00  1.05700E-04 -8.37678E-05  0.00000E+00  0.00000E+00  0.00000E+00 -5.21112E-05  9.57460E-05 -8.88007E-05
 OMEGA(5,5)    3.12954E-06  4.08690E-08  2.62577E-07  4.97464E-08 -6.42009E-07  2.88996E-07 -3.43390E-08 -5.86853E-07  2.64955E-07  4.59961E-08  0.00000E+00  0.00000E+00  0.00000E+00  2.99706E-05  0.00000E+00  0.00000E+00  0.00000E+00 -8.37678E-05  2.35994E-04  0.00000E+00  0.00000E+00  0.00000E+00  2.80553E-05 -7.85311E-05  2.07710E-05
 OMEGA(6,1)    0.00000E+00  0.00000E+00  0.00000E+00  0.00000E+00  0.00000E+00  0.00000E+00  0.00000E+00  0.00000E+00  0.00000E+00  0.00000E+00  0.00000E+00  0.00000E+00  0.00000E+00  0.00000E+00  0.00000E+00  0.00000E+00  0.00000E+00  0.00000E+00  0.00000E+00  0.00000E+00  0.00000E+00  0.00000E+00  0.00000E+00  0.00000E+00  0.00000E+00
 OMEGA(6,2)    0.00000E+00  0.00000E+00  0.00000E+00  0.00000E+00  0.00000E+00  0.00000E+00  0.00000E+00  0.00000E+00  0.00000E+00  0.00000E+00  0.00000E+00  0.00000E+00  0.00000E+00  0.00000E+00  0.00000E+00  0.00000E+00  0.00000E+00  0.00000E+00  0.00000E+00  0.00000E+00  0.00000E+00  0.00000E+00  0.00000E+00  0.00000E+00  0.00000E+00
 OMEGA(6,3)    0.00000E+00  0.00000E+00  0.00000E+00  0.00000E+00  0.00000E+00  0.00000E+00  0.00000E+00  0.00000E+00  0.00000E+00  0.00000E+00  0.00000E+00  0.00000E+00  0.00000E+00  0.00000E+00  0.00000E+00  0.00000E+00  0.00000E+00  0.00000E+00  0.00000E+00  0.00000E+00  0.00000E+00  0.00000E+00  0.00000E+00  0.00000E+00  0.00000E+00
 OMEGA(6,4)   -8.82297E-07  1.03816E-06  5.37661E-07  1.31375E-08  1.78077E-07  2.77745E-08  4.02417E-07  5.12163E-09 -1.48272E-07 -3.14293E-07  0.00000E+00  0.00000E+00  0.00000E+00  1.35949E-04  0.00000E+00  0.00000E+00  0.00000E+00 -5.21112E-05  2.80553E-05  0.00000E+00  0.00000E+00  0.00000E+00  2.72587E-04 -1.02765E-04  4.28933E-04
 OMEGA(6,5)    1.22265E-06  1.95644E-07 -7.86189E-08  5.53073E-10 -6.78044E-08 -9.40401E-10  8.57679E-08  2.56234E-07 -1.67027E-07  1.14938E-08  0.00000E+00  0.00000E+00  0.00000E+00 -3.83769E-05  0.00000E+00  0.00000E+00  0.00000E+00  9.57460E-05 -7.85311E-05  0.00000E+00  0.00000E+00  0.00000E+00 -1.02765E-04  1.44309E-04 -1.99668E-04
 OMEGA(6,6)   -3.61466E-06  9.11185E-07  2.45867E-07 -3.11794E-08  9.39212E-07 -3.40138E-07  5.82348E-07 -9.60499E-08 -1.56828E-07 -3.37269E-07  0.00000E+00  0.00000E+00  0.00000E+00  1.80339E-04  0.00000E+00  0.00000E+00  0.00000E+00 -8.88007E-05  2.07710E-05  0.00000E+00  0.00000E+00  0.00000E+00  4.28933E-04 -1.99668E-04  8.40414E-04
TABLE NO.     4: Objective Function Evaluation by Importance Sampling: Problem=1 Subproblem=0 Superproblem1=0 Iteration1=0 Superproblem2=0 Iteration2=0
 NAME         THETA1       THETA2       THETA3       SIGMA(1,1)   OMEGA(1,1)   OMEGA(2,1)   OMEGA(2,2)   OMEGA(3,1)   OMEGA(3,2)   OMEGA(3,3)   OMEGA(4,1)   OMEGA(4,2)   OMEGA(4,3)   OMEGA(4,4)   OMEGA(5,1)   OMEGA(5,2)   OMEGA(5,3)   OMEGA(5,4)   OMEGA(5,5)   OMEGA(6,1)   OMEGA(6,2)   OMEGA(6,3)   OMEGA(6,4)   OMEGA(6,5)   OMEGA(6,6)
 THETA1        3.23499E-05  1.39780E-06  1.63201E-06  3.59180E-10 -1.11338E-07 -5.13597E-08  4.14315E-09  1.43677E-07 -6.30365E-10  5.73861E-09  0.00000E+00  0.00000E+00  0.00000E+00  1.53226E-06  0.00000E+00  0.00000E+00  0.00000E+00  3.01413E-07  6.70442E-07  0.00000E+00  0.00000E+00  0.00000E+00  1.53220E-06  7.50130E-07  6.53167E-07
 THETA2        1.39780E-06  1.28617E-05  1.47162E-06  2.45778E-09 -4.70579E-09 -2.91810E-08  5.04849E-09 -2.30367E-10 -4.28229E-09 -1.53519E-09  0.00000E+00  0.00000E+00  0.00000E+00  4.96053E-07  0.00000E+00  0.00000E+00  0.00000E+00  3.42159E-07 -6.27991E-08  0.00000E+00  0.00000E+00  0.00000E+00  7.92048E-07  1.83616E-07  8.08817E-07
 THETA3        1.63201E-06  1.47162E-06  1.29079E-05  2.76107E-09 -2.96495E-09 -5.32108E-09  3.26466E-09 -2.99750E-08 -2.96885E-09 -5.42546E-09  0.00000E+00  0.00000E+00  0.00000E+00  5.45157E-07  0.00000E+00  0.00000E+00  0.00000E+00  3.67726E-07  2.63949E-08  0.00000E+00  0.00000E+00  0.00000E+00  8.55275E-07  2.19904E-07  8.10886E-07
 SIGMA(1,1)    3.59180E-10  2.45778E-09  2.76107E-09  2.99946E-09 -1.94532E-09 -5.45820E-10 -2.40948E-10 -9.67067E-10 -4.86533E-10 -4.36386E-10  0.00000E+00  0.00000E+00  0.00000E+00  3.82478E-08  0.00000E+00  0.00000E+00  0.00000E+00 -3.40519E-09  5.22730E-08  0.00000E+00  0.00000E+00  0.00000E+00  3.24457E-08 -2.49256E-09  6.50952E-09
 OMEGA(1,1)   -1.11338E-07 -4.70579E-09 -2.96495E-09 -1.94532E-09  9.22301E-07  8.26358E-08  4.75254E-09  9.82514E-08  5.40661E-09  3.87783E-09  0.00000E+00  0.00000E+00  0.00000E+00 -6.17478E-07  0.00000E+00  0.00000E+00  0.00000E+00  3.01042E-07 -2.91033E-07  0.00000E+00  0.00000E+00  0.00000E+00  2.09906E-08 -8.11485E-08  2.46989E-07
 OMEGA(2,1)   -5.13597E-08 -2.91810E-08 -5.32108E-09 -5.45820E-10  8.26358E-08  3.22328E-07  3.33901E-08  4.56925E-08  1.70284E-08  2.88750E-09  0.00000E+00  0.00000E+00  0.00000E+00  1.48861E-07  0.00000E+00  0.00000E+00  0.00000E+00 -9.41458E-08  1.71953E-07  0.00000E+00  0.00000E+00  0.00000E+00  6.63625E-08 -6.37197E-08 -4.06859E-07
 OMEGA(2,2)    4.14315E-09  5.04849E-09  3.26466E-09 -2.40948E-10  4.75254E-09  3.33901E-08  2.67256E-07  3.31283E-09  2.96642E-08  2.04700E-09  0.00000E+00  0.00000E+00  0.00000E+00  1.65336E-07  0.00000E+00  0.00000E+00  0.00000E+00  5.27633E-08 -4.62774E-08  0.00000E+00  0.00000E+00  0.00000E+00  4.19077E-07  8.53544E-08  5.81129E-07
 OMEGA(3,1)    1.43677E-07 -2.30367E-10 -2.99750E-08 -9.67067E-10  9.82514E-08  4.56925E-08  3.31283E-09  4.04139E-07  1.81493E-08  3.02026E-08  0.00000E+00  0.00000E+00  0.00000E+00  8.71255E-08  0.00000E+00  0.00000E+00  0.00000E+00  2.71109E-07 -6.50058E-07  0.00000E+00  0.00000E+00  0.00000E+00 -6.02863E-08  7.35812E-08 -3.49469E-07
 OMEGA(3,2)   -6.30365E-10 -4.28229E-09 -2.96885E-09 -4.86533E-10  5.40661E-09  1.70284E-08  2.96642E-08  1.81493E-08  1.35308E-07  3.13234E-08  0.00000E+00  0.00000E+00  0.00000E+00 -1.70845E-07  0.00000E+00  0.00000E+00  0.00000E+00 -1.03609E-07  2.58355E-07  0.00000E+00  0.00000E+00  0.00000E+00 -1.78114E-07 -1.66512E-07 -2.21193E-07
 OMEGA(3,3)    5.73861E-09 -1.53519E-09 -5.42546E-09 -4.36386E-10  3.87783E-09  2.88750E-09  2.04700E-09  3.02026E-08  3.13234E-08  2.67279E-07  0.00000E+00  0.00000E+00  0.00000E+00 -1.01978E-07  0.00000E+00  0.00000E+00  0.00000E+00  9.98182E-08  1.53429E-07  0.00000E+00  0.00000E+00  0.00000E+00 -3.88506E-07 -3.04539E-08 -4.93971E-07
 OMEGA(4,1)    0.00000E+00  0.00000E+00  0.00000E+00  0.00000E+00  0.00000E+00  0.00000E+00  0.00000E+00  0.00000E+00  0.00000E+00  0.00000E+00  0.00000E+00  0.00000E+00  0.00000E+00  0.00000E+00  0.00000E+00  0.00000E+00  0.00000E+00  0.00000E+00  0.00000E+00  0.00000E+00  0.00000E+00  0.00000E+00  0.00000E+00  0.00000E+00  0.00000E+00
 OMEGA(4,2)    0.00000E+00  0.00000E+00  0.00000E+00  0.00000E+00  0.00000E+00  0.00000E+00  0.00000E+00  0.00000E+00  0.00000E+00  0.00000E+00  0.00000E+00  0.00000E+00  0.00000E+00  0.00000E+00  0.00000E+00  0.00000E+00  0.00000E+00  0.00000E+00  0.00000E+00  0.00000E+00  0.00000E+00  0.00000E+00  0.00000E+00  0.00000E+00  0.00000E+00
 OMEGA(4,3)    0.00000E+00  0.00000E+00  0.00000E+00  0.00000E+00  0.00000E+00  0.00000E+00  0.00000E+00  0.00000E+00  0.00000E+00  0.00000E+00  0.00000E+00  0.00000E+00  0.00000E+00  0.00000E+00  0.00000E+00  0.00000E+00  0.00000E+00  0.00000E+00  0.00000E+00  0.00000E+00  0.00000E+00  0.00000E+00  0.00000E+00  0.00000E+00  0.00000E+00
 OMEGA(4,4)    1.53226E-06  4.96053E-07  5.45157E-07  3.82478E-08 -6.17478E-07  1.48861E-07  1.65336E-07  8.71255E-08 -1.70845E-07 -1.01978E-07  0.00000E+00  0.00000E+00  0.00000E+00  1.41799E-04  0.00000E+00  0.00000E+00  0.00000E+00 -1.67062E-05  3.07596E-05  0.00000E+00  0.00000E+00  0.00000E+00  1.37738E-04 -3.82224E-05  1.80223E-04
 OMEGA(5,1)    0.00000E+00  0.00000E+00  0.00000E+00  0.00000E+00  0.00000E+00  0.00000E+00  0.00000E+00  0.00000E+00  0.00000E+00  0.00000E+00  0.00000E+00  0.00000E+00  0.00000E+00  0.00000E+00  0.00000E+00  0.00000E+00  0.00000E+00  0.00000E+00  0.00000E+00  0.00000E+00  0.00000E+00  0.00000E+00  0.00000E+00  0.00000E+00  0.00000E+00
 OMEGA(5,2)    0.00000E+00  0.00000E+00  0.00000E+00  0.00000E+00  0.00000E+00  0.00000E+00  0.00000E+00  0.00000E+00  0.00000E+00  0.00000E+00  0.00000E+00  0.00000E+00  0.00000E+00  0.00000E+00  0.00000E+00  0.00000E+00  0.00000E+00  0.00000E+00  0.00000E+00  0.00000E+00  0.00000E+00  0.00000E+00  0.00000E+00  0.00000E+00  0.00000E+00
 OMEGA(5,3)    0.00000E+00  0.00000E+00  0.00000E+00  0.00000E+00  0.00000E+00  0.00000E+00  0.00000E+00  0.00000E+00  0.00000E+00  0.00000E+00  0.00000E+00  0.00000E+00  0.00000E+00  0.00000E+00  0.00000E+00  0.00000E+00  0.00000E+00  0.00000E+00  0.00000E+00  0.00000E+00  0.00000E+00  0.00000E+00  0.00000E+00  0.00000E+00  0.00000E+00
 OMEGA(5,4)    3.01413E-07  3.42159E-07  3.67726E-07 -3.40519E-09  3.01042E-07 -9.41458E-08  5.27633E-08  2.71109E-07 -1.03609E-07  9.98182E-08  0.00000E+00  0.00000E+00  0.00000E+00 -1.67062E-05  0.00000E+00  0.00000E+00  0.00000E+00  1.05201E-04 -8.17559E-05  0.00000E+00  0.00000E+00  0.00000E+00 -5.25067E-05  9.57491E-05 -9.07553E-05
 OMEGA(5,5)    6.70442E-07 -6.27991E-08  2.63949E-08  5.22730E-08 -2.91033E-07  1.71953E-07 -4.62774E-08 -6.50058E-07  2.58355E-07  1.53429E-07  0.00000E+00  0.00000E+00  0.00000E+00  3.07596E-05  0.00000E+00  0.00000E+00  0.00000E+00 -8.17559E-05  2.37104E-04  0.00000E+00  0.00000E+00  0.00000E+00  2.84546E-05 -7.74872E-05  2.05277E-05
 OMEGA(6,1)    0.00000E+00  0.00000E+00  0.00000E+00  0.00000E+00  0.00000E+00  0.00000E+00  0.00000E+00  0.00000E+00  0.00000E+00  0.00000E+00  0.00000E+00  0.00000E+00  0.00000E+00  0.00000E+00  0.00000E+00  0.00000E+00  0.00000E+00  0.00000E+00  0.00000E+00  0.00000E+00  0.00000E+00  0.00000E+00  0.00000E+00  0.00000E+00  0.00000E+00
 OMEGA(6,2)    0.00000E+00  0.00000E+00  0.00000E+00  0.00000E+00  0.00000E+00  0.00000E+00  0.00000E+00  0.00000E+00  0.00000E+00  0.00000E+00  0.00000E+00  0.00000E+00  0.00000E+00  0.00000E+00  0.00000E+00  0.00000E+00  0.00000E+00  0.00000E+00  0.00000E+00  0.00000E+00  0.00000E+00  0.00000E+00  0.00000E+00  0.00000E+00  0.00000E+00
 OMEGA(6,3)    0.00000E+00  0.00000E+00  0.00000E+00  0.00000E+00  0.00000E+00  0.00000E+00  0.00000E+00  0.00000E+00  0.00000E+00  0.00000E+00  0.00000E+00  0.00000E+00  0.00000E+00  0.00000E+00  0.00000E+00  0.00000E+00  0.00000E+00  0.00000E+00  0.00000E+00  0.00000E+00  0.00000E+00  0.00000E+00  0.00000E+00  0.00000E+00  0.00000E+00
 OMEGA(6,4)    1.53220E-06  7.92048E-07  8.55275E-07  3.24457E-08  2.09906E-08  6.63625E-08  4.19077E-07 -6.02863E-08 -1.78114E-07 -3.88506E-07  0.00000E+00  0.00000E+00  0.00000E+00  1.37738E-04  0.00000E+00  0.00000E+00  0.00000E+00 -5.25067E-05  2.84546E-05  0.00000E+00  0.00000E+00  0.00000E+00  2.74181E-04 -1.03097E-04  4.32000E-04
 OMEGA(6,5)    7.50130E-07  1.83616E-07  2.19904E-07 -2.49256E-09 -8.11485E-08 -6.37197E-08  8.53544E-08  7.35812E-08 -1.66512E-07 -3.04539E-08  0.00000E+00  0.00000E+00  0.00000E+00 -3.82224E-05  0.00000E+00  0.00000E+00  0.00000E+00  9.57491E-05 -7.74872E-05  0.00000E+00  0.00000E+00  0.00000E+00 -1.03097E-04  1.44354E-04 -2.00883E-04
 OMEGA(6,6)    6.53167E-07  8.08817E-07  8.10886E-07  6.50952E-09  2.46989E-07 -4.06859E-07  5.81129E-07 -3.49469E-07 -2.21193E-07 -4.93971E-07  0.00000E+00  0.00000E+00  0.00000E+00  1.80223E-04  0.00000E+00  0.00000E+00  0.00000E+00 -9.07553E-05  2.05277E-05  0.00000E+00  0.00000E+00  0.00000E+00  4.32000E-04 -2.00883E-04  8.47424E-04
TABLE NO.     5: MCMC Bayesian Analysis: Problem=1 Subproblem=0 Superproblem1=0 Iteration1=0 Superproblem2=0 Iteration2=0
 NAME         THETA1       THETA2       THETA3       SIGMA(1,1)   OMEGA(1,1)   OMEGA(2,1)   OMEGA(2,2)   OMEGA(3,1)   OMEGA(3,2)   OMEGA(3,3)   OMEGA(4,1)   OMEGA(4,2)   OMEGA(4,3)   OMEGA(4,4)   OMEGA(5,1)   OMEGA(5,2)   OMEGA(5,3)   OMEGA(5,4)   OMEGA(5,5)   OMEGA(6,1)   OMEGA(6,2)   OMEGA(6,3)   OMEGA(6,4)   OMEGA(6,5)   OMEGA(6,6)
 THETA1        4.46205E-05  1.73602E-06  3.98283E-06  1.42731E-08 -2.80763E-07  7.83746E-07 -7.76512E-08 -8.98694E-08 -5.75171E-08  1.48185E-07  0.00000E+00  0.00000E+00  0.00000E+00 -2.03283E-06  0.00000E+00  0.00000E+00  0.00000E+00  2.66002E-06 -6.82823E-06  0.00000E+00  0.00000E+00  0.00000E+00  7.22182E-06 -6.04496E-07  1.66773E-05
 THETA2        1.73602E-06  1.27546E-05  9.81893E-07 -1.53449E-09 -1.03575E-07  9.17679E-08  5.74110E-08  1.59726E-07  7.79520E-08 -7.63860E-08  0.00000E+00  0.00000E+00  0.00000E+00  2.25688E-07  0.00000E+00  0.00000E+00  0.00000E+00 -1.08147E-06  1.01228E-06  0.00000E+00  0.00000E+00  0.00000E+00  2.11682E-06 -3.80604E-07  2.91096E-06
 THETA3        3.98283E-06  9.81893E-07  1.45033E-05  1.91506E-08 -8.19179E-09  4.44875E-08 -7.81979E-08  9.16528E-08  6.06452E-08 -3.38761E-08  0.00000E+00  0.00000E+00  0.00000E+00 -6.01951E-06  0.00000E+00  0.00000E+00  0.00000E+00  5.52444E-07 -1.68131E-06  0.00000E+00  0.00000E+00  0.00000E+00 -2.17823E-06 -8.08064E-07  2.71724E-07
 SIGMA(1,1)    1.42731E-08 -1.53449E-09  1.91506E-08  3.12707E-09  1.97555E-09  5.24372E-10  1.90552E-09  1.58474E-09  6.67873E-10 -2.35305E-09  0.00000E+00  0.00000E+00  0.00000E+00  2.98468E-08  0.00000E+00  0.00000E+00  0.00000E+00  3.27100E-08  1.85321E-08  0.00000E+00  0.00000E+00  0.00000E+00  6.12587E-08  3.87593E-08  9.95279E-08
 OMEGA(1,1)   -2.80763E-07 -1.03575E-07 -8.19179E-09  1.97555E-09  7.48651E-07  4.94243E-08 -5.88506E-11  8.76394E-08 -4.29519E-09  2.30490E-08  0.00000E+00  0.00000E+00  0.00000E+00 -1.72030E-07  0.00000E+00  0.00000E+00  0.00000E+00  7.29916E-07  4.42100E-07  0.00000E+00  0.00000E+00  0.00000E+00 -3.87662E-07 -2.92578E-08 -2.37610E-07
 OMEGA(2,1)    7.83746E-07  9.17679E-08  4.44875E-08  5.24372E-10  4.94243E-08  3.16571E-07  4.07823E-08 -1.15365E-08  2.26727E-08 -3.30030E-09  0.00000E+00  0.00000E+00  0.00000E+00  8.70042E-07  0.00000E+00  0.00000E+00  0.00000E+00 -1.41622E-07 -2.89942E-07  0.00000E+00  0.00000E+00  0.00000E+00  7.40322E-07  4.97196E-08  9.61333E-07
 OMEGA(2,2)   -7.76512E-08  5.74110E-08 -7.81979E-08  1.90552E-09 -5.88506E-11  4.07823E-08  3.23369E-07 -2.60483E-08  3.93657E-08  1.45234E-08  0.00000E+00  0.00000E+00  0.00000E+00 -1.63141E-07  0.00000E+00  0.00000E+00  0.00000E+00 -2.26572E-07  9.58319E-07  0.00000E+00  0.00000E+00  0.00000E+00 -2.58928E-07 -4.98921E-07  4.48740E-07
 OMEGA(3,1)   -8.98694E-08  1.59726E-07  9.16528E-08  1.58474E-09  8.76394E-08 -1.15365E-08 -2.60483E-08  4.16489E-07 -8.03992E-09  4.05899E-08  0.00000E+00  0.00000E+00  0.00000E+00 -3.30136E-07  0.00000E+00  0.00000E+00  0.00000E+00  1.06283E-06  3.00991E-07  0.00000E+00  0.00000E+00  0.00000E+00 -3.61285E-07  1.00524E-06 -1.13940E-06
 OMEGA(3,2)   -5.75171E-08  7.79520E-08  6.06452E-08  6.67873E-10 -4.29519E-09  2.26727E-08  3.93657E-08 -8.03992E-09  1.45873E-07  3.29999E-08  0.00000E+00  0.00000E+00  0.00000E+00  8.17261E-07  0.00000E+00  0.00000E+00  0.00000E+00 -3.17697E-07  6.77691E-08  0.00000E+00  0.00000E+00  0.00000E+00  5.81613E-07 -4.89665E-07  6.60927E-07
 OMEGA(3,3)    1.48185E-07 -7.63860E-08 -3.38761E-08 -2.35305E-09  2.30490E-08 -3.30030E-09  1.45234E-08  4.05899E-08  3.29999E-08  2.75317E-07  0.00000E+00  0.00000E+00  0.00000E+00  4.66342E-07  0.00000E+00  0.00000E+00  0.00000E+00  4.21784E-07 -4.55953E-07  0.00000E+00  0.00000E+00  0.00000E+00  9.92478E-07  1.98188E-07  1.69804E-06
 OMEGA(4,1)    0.00000E+00  0.00000E+00  0.00000E+00  0.00000E+00  0.00000E+00  0.00000E+00  0.00000E+00  0.00000E+00  0.00000E+00  0.00000E+00  0.00000E+00  0.00000E+00  0.00000E+00  0.00000E+00  0.00000E+00  0.00000E+00  0.00000E+00  0.00000E+00  0.00000E+00  0.00000E+00  0.00000E+00  0.00000E+00  0.00000E+00  0.00000E+00  0.00000E+00
