TABLE NO.     1: First Order: Problem=1 Subproblem=0 Superproblem1=0 Iteration1=0 Superproblem2=0 Iteration2=0
 NAME         THETA1       THETA2       THETA3       SIGMA(1,1)   SIGMA(2,1)   SIGMA(2,2)   OMEGA(1,1)   OMEGA(2,1)   OMEGA(2,2)   OMEGA(3,1)   OMEGA(3,2)   OMEGA(3,3)
 THETA1        4.10910E-01  5.74464E-03  3.39068E-01  1.04961E-03  0.00000E+00 -4.96854E-03  2.05683E-01  1.21491E-01  6.69275E-02  2.00184E-03  9.95415E-04 -2.19178E-03
 THETA2        5.74464E-03  5.32182E-04  5.02820E-03  5.80432E-05  0.00000E+00 -4.78814E-04  1.62948E-03  7.10676E-03  6.22077E-03 -1.04103E-03  6.26616E-05 -2.50187E-04
 THETA3        3.39068E-01  5.02820E-03  2.83686E+00  1.80534E-03  0.00000E+00 -9.94443E-03  3.37104E-01  1.48856E-01  5.72277E-02  3.48029E-02  2.38181E-02  1.27789E-02
 SIGMA(1,1)    1.04961E-03  5.80432E-05  1.80534E-03  1.27919E-05  0.00000E+00 -2.82304E-05  5.13918E-04  9.76015E-04  8.04920E-04 -7.51554E-05  2.78253E-05 -2.05122E-05
 SIGMA(2,1)    0.00000E+00  0.00000E+00  0.00000E+00  0.00000E+00  0.00000E+00  0.00000E+00  0.00000E+00  0.00000E+00  0.00000E+00  0.00000E+00  0.00000E+00  0.00000E+00
 SIGMA(2,2)   -4.96854E-03 -4.78814E-04 -9.94443E-03 -2.82304E-05  0.00000E+00  1.02842E-03 -1.01391E-03 -3.85620E-03 -3.39242E-03  9.52039E-04  2.19819E-04  1.80397E-04
 OMEGA(1,1)    2.05683E-01  1.62948E-03  3.37104E-01  5.13918E-04  0.00000E+00 -1.01391E-03  1.76710E-01  5.75115E-02  1.79739E-02  1.94828E-02  4.20761E-03  3.20116E-03
 OMEGA(2,1)    1.21491E-01  7.10676E-03  1.48856E-01  9.76015E-04  0.00000E+00 -3.85620E-03  5.75115E-02  1.15647E-01  9.38889E-02 -1.00911E-02  3.11178E-03 -2.82453E-03
 OMEGA(2,2)    6.69275E-02  6.22077E-03  5.72277E-02  8.04920E-04  0.00000E+00 -3.39242E-03  1.79739E-02  9.38889E-02  8.37071E-02 -1.30739E-02  1.86348E-03 -3.26558E-03
 OMEGA(3,1)    2.00184E-03 -1.04103E-03  3.48029E-02 -7.51554E-05  0.00000E+00  9.52039E-04  1.94828E-02 -1.00911E-02 -1.30739E-02  6.74543E-03  8.56346E-04  1.50222E-03
 OMEGA(3,2)    9.95415E-04  6.26616E-05  2.38181E-02  2.78253E-05  0.00000E+00  2.19819E-04  4.20761E-03  3.11178E-03  1.86348E-03  8.56346E-04  5.30430E-04  2.32110E-04
 OMEGA(3,3)   -2.19178E-03 -2.50187E-04  1.27789E-02 -2.05122E-05  0.00000E+00  1.80397E-04  3.20116E-03 -2.82453E-03 -3.26558E-03  1.50222E-03  2.32110E-04  3.91986E-04
