TABLE NO.     1: First Order Conditional Estimation with Interaction: Problem=1 Subproblem=0 Superproblem1=0 Iteration1=0 Superproblem2=0 Iteration2=0
 NAME         THETA1       THETA2       THETA3       SIGMA(1,1)   SIGMA(2,1)   SIGMA(2,2)   OMEGA(1,1)   OMEGA(2,1)   OMEGA(2,2)   OMEGA(3,1)   OMEGA(3,2)   OMEGA(3,3)
 THETA1        6.88758E-01 -3.69500E+01 -2.29190E+00 -2.88051E+01  0.00000E+00 -4.99760E-01 -1.20164E+01  5.01931E+00  2.21410E+00  6.59589E+00 -3.05499E+00 -5.59055E-01
 THETA2       -3.69500E+01  4.36463E+04  2.38930E+02  3.23726E+03  0.00000E+00  8.17107E+01  2.53182E+03 -5.94494E+02 -1.00142E+03 -1.57995E+03  6.65799E+02  1.65704E+02
 THETA3       -2.29190E+00  2.38930E+02  1.92875E+01  1.14463E+02  0.00000E+00 -3.09333E-01  3.31959E+01 -1.32575E+01 -6.29320E+00 -1.58845E+01  7.89707E+00  2.14765E-01
 SIGMA(1,1)   -2.88051E+01  3.23726E+03  1.14463E+02  9.22776E+04  0.00000E+00  6.72885E+03  6.59791E+03 -7.97116E+03  3.33850E+03 -2.00331E+03  1.21491E+03  1.97394E+02
 SIGMA(2,1)    0.00000E+00  0.00000E+00  0.00000E+00  0.00000E+00  0.00000E+00  0.00000E+00  0.00000E+00  0.00000E+00  0.00000E+00  0.00000E+00  0.00000E+00  0.00000E+00
 SIGMA(2,2)   -4.99760E-01  8.17107E+01 -3.09333E-01  6.72885E+03  0.00000E+00  9.22634E+02  6.71294E+02 -9.02864E+02  2.89734E+02 -2.23979E+02  1.44849E+02  2.50826E+01
 OMEGA(1,1)   -1.20164E+01  2.53182E+03  3.31959E+01  6.59791E+03  0.00000E+00  6.71294E+02  1.73801E+04 -3.57939E+03  7.12459E+02 -5.19408E+03  3.70822E+02  3.94967E+02
 OMEGA(2,1)    5.01931E+00 -5.94494E+02 -1.32575E+01 -7.97116E+03  0.00000E+00 -9.02864E+02 -3.57939E+03  2.08333E+04 -4.42157E+03  2.06858E+03 -3.34235E+03 -2.36907E+02
 OMEGA(2,2)    2.21410E+00 -1.00142E+03 -6.29320E+00  3.33850E+03  0.00000E+00  2.89734E+02  7.12459E+02 -4.42157E+03  5.87184E+03 -4.76841E+02  1.18987E+03  6.57480E+01
 OMEGA(3,1)    6.59589E+00 -1.57995E+03 -1.58845E+01 -2.00331E+03  0.00000E+00 -2.23979E+02 -5.19408E+03  2.06858E+03 -4.76841E+02  3.26514E+03 -5.73989E+02 -3.65956E+02
 OMEGA(3,2)   -3.05499E+00  6.65799E+02  7.89707E+00  1.21491E+03  0.00000E+00  1.44849E+02  3.70822E+02 -3.34235E+03  1.18987E+03 -5.73989E+02  1.32505E+03  1.07596E+02
 OMEGA(3,3)   -5.59055E-01  1.65704E+02  2.14765E-01  1.97394E+02  0.00000E+00  2.50826E+01  3.94967E+02 -2.36907E+02  6.57480E+01 -3.65956E+02  1.07596E+02  7.01769E+01
