TABLE NO.     1: First Order Conditional Estimation with Interaction: Problem=1 Subproblem=0 Superproblem1=0 Iteration1=0 Superproblem2=0 Iteration2=0
 NAME         THETA1       THETA2       THETA3       SIGMA(1,1)   SIGMA(2,1)   SIGMA(2,2)   OMEGA(1,1)   OMEGA(2,1)   OMEGA(2,2)   OMEGA(3,1)   OMEGA(3,2)   OMEGA(3,3)
 THETA1        6.78557E-01 -3.41950E+01 -2.24777E+00 -1.75549E+02  0.00000E+00 -1.05502E+01  2.49898E+01  4.09178E+01 -5.59994E+00 -2.42881E+01 -5.44110E+00  3.10046E+00
 THETA2       -3.41950E+01  4.27653E+04  2.29944E+02  3.90638E+04  0.00000E+00 -5.28870E+03  8.98304E+03 -5.95571E+03 -1.60219E+04 -2.37635E+03 -7.68923E+02  2.64161E+02
 THETA3       -2.24777E+00  2.29944E+02  1.90448E+01  3.89060E+02  0.00000E+00 -3.01481E+01 -3.00872E+02 -6.49600E+01 -4.61006E+01  1.41515E+02  2.06104E+01 -4.16815E+00
 SIGMA(1,1)   -1.75549E+02  3.90638E+04  3.89060E+02  2.88211E+05  0.00000E+00  1.18522E+04  1.96371E+04 -2.47805E+04 -1.69338E+03 -5.24289E+03  1.54512E+03 -8.84085E+02
 SIGMA(2,1)    0.00000E+00  0.00000E+00  0.00000E+00  0.00000E+00  0.00000E+00  0.00000E+00  0.00000E+00  0.00000E+00  0.00000E+00  0.00000E+00  0.00000E+00  0.00000E+00
 SIGMA(2,2)   -1.05502E+01 -5.28870E+03 -3.01481E+01  1.18522E+04  0.00000E+00  2.62220E+03  3.48815E+02 -2.12905E+03  4.33894E+03  5.71189E+01  3.16413E+02 -1.44752E+02
 OMEGA(1,1)    2.49898E+01  8.98304E+03 -3.00872E+02  1.96371E+04  0.00000E+00  3.48815E+02  1.85178E+04 -3.78792E+03 -2.50264E+03 -6.03529E+03 -6.50466E+02  2.52880E+02
 OMEGA(2,1)    4.09178E+01 -5.95571E+03 -6.49600E+01 -2.47805E+04  0.00000E+00 -2.12905E+03 -3.78792E+03  7.39476E+03 -1.27546E+03 -6.86778E+01 -2.77943E+02  2.41588E+02
 OMEGA(2,2)   -5.59994E+00 -1.60219E+04 -4.61006E+01 -1.69338E+03  0.00000E+00  4.33894E+03 -2.50264E+03 -1.27546E+03  9.71887E+03  1.03391E+03  6.86375E+02 -2.26118E+02
 OMEGA(3,1)   -2.42881E+01 -2.37635E+03  1.41515E+02 -5.24289E+03  0.00000E+00  5.71189E+01 -6.03529E+03 -6.86778E+01  1.03391E+03  2.67198E+03  3.79938E+02 -1.97974E+02
 OMEGA(3,2)   -5.44110E+00 -7.68923E+02  2.06104E+01  1.54512E+03  0.00000E+00  3.16413E+02 -6.50466E+02 -2.77943E+02  6.86375E+02  3.79938E+02  1.51492E+02 -5.19413E+01
 OMEGA(3,3)    3.10046E+00  2.64161E+02 -4.16815E+00 -8.84085E+02  0.00000E+00 -1.44752E+02  2.52880E+02  2.41588E+02 -2.26118E+02 -1.97974E+02 -5.19413E+01  4.48528E+01
