TABLE NO.     1: Iterative Two Stage (No Prior): Problem=1 Subproblem=0 Superproblem1=0 Iteration1=0 Superproblem2=0 Iteration2=0
 NAME         THETA1       THETA2       THETA3       THETA4       THETA5       SIGMA(1,1)   OMEGA(1,1)   OMEGA(2,1)   OMEGA(2,2)   OMEGA(3,1)   OMEGA(3,2)   OMEGA(3,3)
 THETA1        3.08631E+02  2.70607E+00 -3.68881E+01 -2.20986E+00 -1.66293E+02 -7.20491E+02 -1.31720E+03 -3.70063E+02 -9.45702E+01  1.25240E+03  9.27456E+01 -2.59060E+02
 THETA2        2.70607E+00  4.95013E+00 -5.12111E+00  4.22889E-01 -7.56181E+00 -2.23152E+02 -1.53792E+01 -1.14541E+01  1.09092E+01  7.94556E+00 -7.90826E+00  1.22151E+00
 THETA3       -3.68881E+01 -5.12111E+00  3.36889E+01  1.58016E+00  1.59593E+01  2.00464E+02  1.71783E+02  1.00107E+01 -1.00728E+01 -1.47454E+02  1.54274E+01  1.04823E+01
 THETA4       -2.20986E+00  4.22889E-01  1.58016E+00  1.98534E+02  1.87717E+03 -1.66840E+03 -1.87199E+02  3.16493E+02 -2.72539E+01  1.38061E+02 -3.70398E+02  2.05551E+02
 THETA5       -1.66293E+02 -7.56181E+00  1.59593E+01  1.87717E+03  3.75958E+04 -2.83907E+04  1.56243E+02  1.77704E+03 -3.92728E+02 -3.38610E+02 -6.01608E+03  3.03931E+03
 SIGMA(1,1)   -7.20491E+02 -2.23152E+02  2.00464E+02 -1.66840E+03 -2.83907E+04  1.80471E+06  1.18493E+04  1.45778E+03  1.03138E+04 -1.96223E+04  6.30766E+04 -2.87971E+04
 OMEGA(1,1)   -1.31720E+03 -1.53792E+01  1.71783E+02 -1.87199E+02  1.56243E+02  1.18493E+04  3.54244E+04  6.82883E+03 -2.73252E+02 -4.23861E+04 -1.72794E+03  1.05097E+04
 OMEGA(2,1)   -3.70063E+02 -1.14541E+01  1.00107E+01  3.16493E+02  1.77704E+03  1.45778E+03  6.82883E+03  3.86551E+04  4.66839E+03 -1.85636E+04 -2.16172E+04  4.68677E+03
 OMEGA(2,2)   -9.45702E+01  1.09092E+01 -1.00728E+01 -2.72539E+01 -3.92728E+02  1.03138E+04 -2.73252E+02  4.66839E+03  3.21810E+04 -2.24905E+03 -2.29258E+04  5.21940E+03
 OMEGA(3,1)    1.25240E+03  7.94556E+00 -1.47454E+02  1.38061E+02 -3.38610E+02 -1.96223E+04 -4.23861E+04 -1.85636E+04 -2.24905E+03  7.70238E+04  5.55810E+03 -2.11625E+04
 OMEGA(3,2)    9.27456E+01 -7.90826E+00  1.54274E+01 -3.70398E+02 -6.01608E+03  6.30766E+04 -1.72794E+03 -2.16172E+04 -2.29258E+04  5.55810E+03  7.74137E+04 -2.22326E+04
 OMEGA(3,3)   -2.59060E+02  1.22151E+00  1.04823E+01  2.05551E+02  3.03931E+03 -2.87971E+04  1.05097E+04  4.68677E+03  5.21940E+03 -2.11625E+04 -2.22326E+04  3.20670E+04
TABLE NO.     2: Importance Sampling (No Prior): Problem=1 Subproblem=0 Superproblem1=0 Iteration1=0 Superproblem2=0 Iteration2=0
 NAME         THETA1       THETA2       THETA3       THETA4       THETA5       SIGMA(1,1)   OMEGA(1,1)   OMEGA(2,1)   OMEGA(2,2)   OMEGA(3,1)   OMEGA(3,2)   OMEGA(3,3)
 THETA1        2.50279E+02  2.37825E+00 -3.31047E+01 -2.05272E+00 -4.69945E+01 -5.52599E+02 -2.71591E+02 -1.26123E+02 -6.70852E+01  1.46149E+02  8.92254E+01  8.66537E+00
 THETA2        2.37825E+00  4.90429E+00 -5.05426E+00 -1.68535E-01 -4.58950E+00 -9.12644E+01 -3.64137E+00 -9.45578E+00 -4.97022E+00  8.83141E+00  9.25337E+00 -4.31272E+00
 THETA3       -3.31047E+01 -5.05426E+00  3.39448E+01  3.65487E-02  2.28376E-01 -5.93201E+01  3.41218E+01  1.39929E+01  1.14996E+01 -1.92524E+01 -1.50661E+01 -1.47650E+00
 THETA4       -2.05272E+00 -1.68535E-01  3.65487E-02  1.78900E+02  1.69991E+03 -9.66693E+01 -1.11879E+00  6.11198E-01 -3.95465E+00  1.35198E+00 -1.90291E+00  5.79303E-01
 THETA5       -4.69945E+01 -4.58950E+00  2.28376E-01  1.69991E+03  4.24994E+04 -2.52147E+03 -5.50210E+01 -3.02987E+01 -1.83012E+02  1.66687E+02  1.78919E+01 -4.13167E+01
 SIGMA(1,1)   -5.52599E+02 -9.12644E+01 -5.93201E+01 -9.66693E+01 -2.52147E+03  1.95293E+06  1.42639E+04  7.17413E+03  3.42496E+03 -1.46927E+04 -7.25038E+02  4.29084E+03
 OMEGA(1,1)   -2.71591E+02 -3.64137E+00  3.41218E+01 -1.11879E+00 -5.50210E+01  1.42639E+04  1.12619E+04  2.55836E+03  1.76197E+02 -1.16762E+04 -1.27680E+03  3.05528E+03
 OMEGA(2,1)   -1.26123E+02 -9.45578E+00  1.39929E+01  6.11198E-01 -3.02987E+01  7.17413E+03  2.55836E+03  3.59472E+04  3.41760E+03 -1.58705E+04 -1.89376E+04  7.07162E+03
 OMEGA(2,2)   -6.70852E+01 -4.97022E+00  1.14996E+01 -3.95465E+00 -1.83012E+02  3.42496E+03  1.76197E+02  3.41760E+03  3.20672E+04 -1.48321E+03 -2.55538E+04  5.05949E+03
 OMEGA(3,1)    1.46149E+02  8.83141E+00 -1.92524E+01  1.35198E+00  1.66687E+02 -1.46927E+04 -1.16762E+04 -1.58705E+04 -1.48321E+03  4.36530E+04  1.06991E+04 -1.85665E+04
 OMEGA(3,2)    8.92254E+01  9.25337E+00 -1.50661E+01 -1.90291E+00  1.78919E+01 -7.25038E+02 -1.27680E+03 -1.89376E+04 -2.55538E+04  1.06991E+04  7.62750E+04 -2.62071E+04
 OMEGA(3,3)    8.66537E+00 -4.31272E+00 -1.47650E+00  5.79303E-01 -4.13167E+01  4.29084E+03  3.05528E+03  7.07162E+03  5.05949E+03 -1.85665E+04 -2.62071E+04  3.41921E+04
TABLE NO.     3: Objective Function Evaluation by Importance Sampling (No Prior): Problem=1 Subproblem=0 Superproblem1=0 Iteration1=0 Superproblem2=0 Iteration2=0
 NAME         THETA1       THETA2       THETA3       THETA4       THETA5       SIGMA(1,1)   OMEGA(1,1)   OMEGA(2,1)   OMEGA(2,2)   OMEGA(3,1)   OMEGA(3,2)   OMEGA(3,3)
 THETA1        2.50272E+02  2.35452E+00 -3.30527E+01 -2.05548E+00 -4.63229E+01 -5.60417E+02 -2.60323E+02 -1.18436E+02 -6.73619E+01  1.27272E+02  8.57690E+01  1.64663E+01
 THETA2        2.35452E+00  4.90455E+00 -5.05045E+00 -1.67837E-01 -4.51381E+00 -8.97417E+01 -3.57162E+00 -7.55106E+00 -4.28644E+00  8.14279E+00  8.24432E+00 -3.93591E+00
 THETA3       -3.30527E+01 -5.05045E+00  3.39244E+01  3.83429E-02  2.15266E-01 -5.36703E+01  3.24369E+01  1.08674E+01  1.10939E+01 -1.17289E+01 -1.18737E+01 -5.03474E+00
 THETA4       -2.05548E+00 -1.67837E-01  3.83429E-02  1.78901E+02  1.69986E+03 -9.29805E+01 -1.42958E+00  1.98766E-01 -3.91447E+00  1.82714E+00 -1.50800E+00  4.10211E-01
 THETA5       -4.63229E+01 -4.51381E+00  2.15266E-01  1.69986E+03  4.25026E+04 -2.41471E+03 -6.81774E+01 -4.32556E+01 -1.73791E+02  1.79055E+02  3.19969E+01 -4.51723E+01
 SIGMA(1,1)   -5.60417E+02 -8.97417E+01 -5.36703E+01 -9.29805E+01 -2.41471E+03  1.95462E+06  1.47313E+04  6.73848E+03  3.32389E+03 -1.50652E+04 -6.28546E+01  4.40753E+03
 OMEGA(1,1)   -2.60323E+02 -3.57162E+00  3.24369E+01 -1.42958E+00 -6.81774E+01  1.47313E+04  1.06047E+04  2.44593E+03  1.89339E+02 -1.08502E+04 -1.25283E+03  2.80525E+03
 OMEGA(2,1)   -1.18436E+02 -7.55106E+00  1.08674E+01  1.98766E-01 -4.32556E+01  6.73848E+03  2.44593E+03  3.58115E+04  3.30045E+03 -1.58184E+04 -1.87958E+04  7.04592E+03
 OMEGA(2,2)   -6.73619E+01 -4.28644E+00  1.10939E+01 -3.91447E+00 -1.73791E+02  3.32389E+03  1.89339E+02  3.30045E+03  3.19746E+04 -1.49397E+03 -2.55035E+04  5.06651E+03
 OMEGA(3,1)    1.27272E+02  8.14279E+00 -1.17289E+01  1.82714E+00  1.79055E+02 -1.50652E+04 -1.08502E+04 -1.58184E+04 -1.49397E+03  4.24886E+04  1.05556E+04 -1.81379E+04
 OMEGA(3,2)    8.57690E+01  8.24432E+00 -1.18737E+01 -1.50800E+00  3.19969E+01 -6.28546E+01 -1.25283E+03 -1.87958E+04 -2.55035E+04  1.05556E+04  7.60708E+04 -2.61721E+04
 OMEGA(3,3)    1.64663E+01 -3.93591E+00 -5.03474E+00  4.10211E-01 -4.51723E+01  4.40753E+03  2.80525E+03  7.04592E+03  5.06651E+03 -1.81379E+04 -2.61721E+04  3.40284E+04
TABLE NO.     4: Stochastic Approximation Expectation-Maximization (No Prior): Problem=1 Subproblem=0 Superproblem1=0 Iteration1=0 Superproblem2=0 Iteration2=0
 NAME         THETA1       THETA2       THETA3       THETA4       THETA5       SIGMA(1,1)   OMEGA(1,1)   OMEGA(2,1)   OMEGA(2,2)   OMEGA(3,1)   OMEGA(3,2)   OMEGA(3,3)
 THETA1        2.49183E+02  2.31150E+00 -3.28629E+01 -1.91269E+00 -1.45996E+02 -1.11980E+03 -1.08142E+03 -3.17010E+02 -8.83608E+01  1.08531E+03  8.68944E+01 -2.31176E+02
 THETA2        2.31150E+00  4.90573E+00 -5.03432E+00  4.22227E-01 -7.72502E+00 -2.27074E+02 -1.36545E+01 -1.13427E+01  1.06866E+01  7.73538E+00 -6.64021E+00  1.72131E+00
 THETA3       -3.28629E+01 -5.03432E+00  3.37743E+01  1.58998E+00  1.51280E+01  2.48101E+02  1.60887E+02  1.09360E+01 -8.23076E+00 -1.43051E+02  1.78216E+01  5.00498E+00
 THETA4       -1.91269E+00  4.22227E-01  1.58998E+00  1.98560E+02  1.87349E+03 -1.64892E+03 -1.70974E+02  2.92048E+02 -2.91016E+01  1.35857E+02 -3.64357E+02  2.03777E+02
 THETA5       -1.45996E+02 -7.72502E+00  1.51280E+01  1.87349E+03  3.74448E+04 -2.80487E+04  8.61334E+01  1.49427E+03 -4.36978E+02 -2.19849E+02 -5.90381E+03  2.97930E+03
 SIGMA(1,1)   -1.11980E+03 -2.27074E+02  2.48101E+02 -1.64892E+03 -2.80487E+04  1.80054E+06  9.58874E+03  1.62900E+03  1.03501E+04 -1.76313E+04  6.33234E+04 -2.88074E+04
 OMEGA(1,1)   -1.08142E+03 -1.36545E+01  1.60887E+02 -1.70974E+02  8.61334E+01  9.58874E+03  2.85753E+04  5.53734E+03 -3.44595E+02 -3.58409E+04 -1.39215E+03  9.32096E+03
 OMEGA(2,1)   -3.17010E+02 -1.13427E+01  1.09360E+01  2.92048E+02  1.49427E+03  1.62900E+03  5.53734E+03  3.38645E+04  4.23385E+03 -1.60665E+04 -1.97704E+04  4.19238E+03
 OMEGA(2,2)   -8.83608E+01  1.06866E+01 -8.23076E+00 -2.91016E+01 -4.36978E+02  1.03501E+04 -3.44595E+02  4.23385E+03  3.16884E+04 -1.93215E+03 -2.21596E+04  5.02809E+03
 OMEGA(3,1)    1.08531E+03  7.73538E+00 -1.43051E+02  1.35857E+02 -2.19849E+02 -1.76313E+04 -3.58409E+04 -1.60665E+04 -1.93215E+03  6.85584E+04  4.83531E+03 -1.98245E+04
 OMEGA(3,2)    8.68944E+01 -6.64021E+00  1.78216E+01 -3.64357E+02 -5.90381E+03  6.33234E+04 -1.39215E+03 -1.97704E+04 -2.21596E+04  4.83531E+03  7.61458E+04 -2.17413E+04
 OMEGA(3,3)   -2.31176E+02  1.72131E+00  5.00498E+00  2.03777E+02  2.97930E+03 -2.88074E+04  9.32096E+03  4.19238E+03  5.02809E+03 -1.98245E+04 -2.17413E+04  3.19595E+04
TABLE NO.     5: Objective Function Evaluation by Importance Sampling (No Prior): Problem=1 Subproblem=0 Superproblem1=0 Iteration1=0 Superproblem2=0 Iteration2=0
 NAME         THETA1       THETA2       THETA3       THETA4       THETA5       SIGMA(1,1)   OMEGA(1,1)   OMEGA(2,1)   OMEGA(2,2)   OMEGA(3,1)   OMEGA(3,2)   OMEGA(3,3)
 THETA1        2.49891E+02  2.32048E+00 -3.29373E+01 -2.04733E+00 -4.61472E+01 -5.49946E+02 -2.54211E+02 -1.13619E+02 -6.69946E+01  1.22885E+02  8.37027E+01  1.69711E+01
 THETA2        2.32048E+00  4.92288E+00 -5.05282E+00 -1.68018E-01 -4.51999E+00 -8.97339E+01 -3.47634E+00 -6.68239E+00 -3.61779E+00  7.76740E+00  7.68094E+00 -3.81741E+00
 THETA3       -3.29373E+01 -5.05282E+00  3.38827E+01  3.76750E-02  2.04425E-01 -5.47725E+01  3.16256E+01  9.46389E+00  1.04031E+01 -9.30994E+00 -9.78078E+00 -5.74323E+00
 THETA4       -2.04733E+00 -1.68018E-01  3.76750E-02  1.78864E+02  1.69885E+03 -9.27994E+01 -1.31239E+00  1.88850E-01 -3.78456E+00  1.68637E+00 -1.63241E+00  5.98174E-01
 THETA5       -4.61472E+01 -4.51999E+00  2.04425E-01  1.69885E+03  4.24561E+04 -2.41051E+03 -5.85604E+01 -4.15501E+01 -1.63607E+02  1.68511E+02  2.29697E+01 -3.23342E+01
 SIGMA(1,1)   -5.49946E+02 -8.97339E+01 -5.47725E+01 -9.27994E+01 -2.41051E+03  1.95997E+06  1.42726E+04  6.53114E+03  3.11798E+03 -1.45983E+04  1.88786E+02  4.08826E+03
 OMEGA(1,1)   -2.54211E+02 -3.47634E+00  3.16256E+01 -1.31239E+00 -5.85604E+01  1.42726E+04  1.02337E+04  2.28439E+03  1.76349E+02 -1.03908E+04 -1.16416E+03  2.67720E+03
 OMEGA(2,1)   -1.13619E+02 -6.68239E+00  9.46389E+00  1.88850E-01 -4.15501E+01  6.53114E+03  2.28439E+03  3.56857E+04  3.21455E+03 -1.55650E+04 -1.86892E+04  6.96415E+03
 OMEGA(2,2)   -6.69946E+01 -3.61779E+00  1.04031E+01 -3.78456E+00 -1.63607E+02  3.11798E+03  1.76349E+02  3.21455E+03  3.23105E+04 -1.45482E+03 -2.55965E+04  5.06474E+03
 OMEGA(3,1)    1.22885E+02  7.76740E+00 -9.30994E+00  1.68637E+00  1.68511E+02 -1.45983E+04 -1.03908E+04 -1.55650E+04 -1.45482E+03  4.16724E+04  1.03396E+04 -1.78509E+04
 OMEGA(3,2)    8.37027E+01  7.68094E+00 -9.78078E+00 -1.63241E+00  2.29697E+01  1.88786E+02 -1.16416E+03 -1.86892E+04 -2.55965E+04  1.03396E+04  7.62175E+04 -2.60905E+04
 OMEGA(3,3)    1.69711E+01 -3.81741E+00 -5.74323E+00  5.98174E-01 -3.23342E+01  4.08826E+03  2.67720E+03  6.96415E+03  5.06474E+03 -1.78509E+04 -2.60905E+04  3.38156E+04
TABLE NO.     7: Laplacian Conditional Estimation with Interaction (No Prior): Problem=1 Subproblem=0 Superproblem1=0 Iteration1=0 Superproblem2=0 Iteration2=0
 NAME         THETA1       THETA2       THETA3       THETA4       THETA5       SIGMA(1,1)   OMEGA(1,1)   OMEGA(2,1)   OMEGA(2,2)   OMEGA(3,1)   OMEGA(3,2)   OMEGA(3,3)
 THETA1        2.67635E+02  2.54380E+00 -3.53789E+01 -2.17861E+00 -4.92108E+01 -6.12505E+02 -2.60306E+02 -1.13773E+02 -7.06495E+01  1.15276E+02  8.61553E+01  2.37680E+01
 THETA2        2.54380E+00  4.95579E+00 -5.11704E+00 -1.69520E-01 -4.58183E+00 -9.15424E+01 -3.71489E+00 -6.72624E+00 -2.86378E+00  8.12166E+00  8.85479E+00 -4.46608E+00
 THETA3       -3.53789E+01 -5.11704E+00  3.44370E+01  5.48542E-02  5.95903E-01 -4.74560E+01  3.20307E+01  9.15206E+00  1.01691E+01 -6.34738E+00 -8.75464E+00 -4.35141E+00
 THETA4       -2.17861E+00 -1.69520E-01  5.48542E-02  1.78772E+02  1.69752E+03 -8.12521E+01 -3.14806E+00  5.73704E+00 -4.82437E+00  5.99322E+00  2.39882E+00 -3.71470E+00
 THETA5       -4.92108E+01 -4.58183E+00  5.95903E-01  1.69752E+03  4.24381E+04 -2.45764E+03 -9.20176E+01 -1.37078E+02 -1.01119E+02  2.08535E+02  4.28176E+01 -6.00969E+01
 SIGMA(1,1)   -6.12505E+02 -9.15424E+01 -4.74560E+01 -8.12521E+01 -2.45764E+03  1.95518E+06  1.88578E+04  9.38367E+03  3.90700E+03 -2.02959E+04 -8.82707E+02  5.52575E+03
 OMEGA(1,1)   -2.60306E+02 -3.71489E+00  3.20307E+01 -3.14806E+00 -9.20176E+01  1.88578E+04  1.28741E+04  3.26373E+03  2.55230E+02 -1.35818E+04 -1.89459E+03  3.83617E+03
 OMEGA(2,1)   -1.13773E+02 -6.72624E+00  9.15206E+00  5.73704E+00 -1.37078E+02  9.38367E+03  3.26373E+03  3.74221E+04  4.00471E+03 -1.81751E+04 -2.10961E+04  7.97219E+03
 OMEGA(2,2)   -7.06495E+01 -2.86378E+00  1.01691E+01 -4.82437E+00 -1.01119E+02  3.90700E+03  2.55230E+02  4.00471E+03  3.22615E+04 -1.81919E+03 -2.59301E+04  5.30212E+03
 OMEGA(3,1)    1.15276E+02  8.12166E+00 -6.34738E+00  5.99322E+00  2.08535E+02 -2.02959E+04 -1.35818E+04 -1.81751E+04 -1.81919E+03  4.71025E+04  1.16402E+04 -1.98845E+04
 OMEGA(3,2)    8.61553E+01  8.85479E+00 -8.75464E+00  2.39882E+00  4.28176E+01 -8.82707E+02 -1.89459E+03 -2.10961E+04 -2.59301E+04  1.16402E+04  7.79460E+04 -2.69822E+04
 OMEGA(3,3)    2.37680E+01 -4.46608E+00 -4.35141E+00 -3.71470E+00 -6.00969E+01  5.52575E+03  3.83617E+03  7.97219E+03  5.30212E+03 -1.98845E+04 -2.69822E+04  3.49384E+04
