TABLE NO.     1: First Order: Problem=1 Subproblem=0 Superproblem1=0 Iteration1=0 Superproblem2=0 Iteration2=0
 NAME         THETA1       THETA2       THETA3       SIGMA(1,1)   SIGMA(2,1)   SIGMA(2,2)   OMEGA(1,1)   OMEGA(2,1)   OMEGA(2,2)   OMEGA(3,1)   OMEGA(3,2)   OMEGA(3,3)
 THETA1        1.06171E+02 -6.85730E+01  6.45064E+03  1.16565E+04  0.00000E+00 -1.04304E+03  3.35954E+02 -2.55524E+03 -3.85655E+02 -1.20259E+03  1.07975E+04 -4.91934E+01
 THETA2       -6.85730E+01  5.80301E+01 -4.87940E+03 -1.01211E+04  0.00000E+00  1.00153E+03 -3.02165E+02  2.17563E+03  5.69245E+02  9.40192E+02 -8.97415E+03  8.75417E+01
 THETA3        6.45064E+03 -4.87940E+03  5.89372E+05  8.99147E+05  0.00000E+00 -4.72287E+04  2.69764E+04 -1.88725E+05 -6.60870E+04 -9.02296E+04  7.95800E+05 -1.05115E+04
 SIGMA(1,1)    1.16565E+04 -1.01211E+04  8.99147E+05  2.03120E+06  0.00000E+00 -1.70231E+05  5.33153E+04 -3.78772E+05 -1.38540E+05 -1.66670E+05  1.58798E+06 -2.00234E+04
 SIGMA(2,1)    0.00000E+00  0.00000E+00  0.00000E+00  0.00000E+00  0.00000E+00  0.00000E+00  0.00000E+00  0.00000E+00  0.00000E+00  0.00000E+00  0.00000E+00  0.00000E+00
 SIGMA(2,2)   -1.04304E+03  1.00153E+03 -4.72287E+04 -1.70231E+05  0.00000E+00  2.80339E+04 -4.87962E+03  3.50661E+04  1.56722E+04  1.42780E+04 -1.51948E+05  9.32706E+02
 OMEGA(1,1)    3.35954E+02 -3.02165E+02  2.69764E+04  5.33153E+04  0.00000E+00 -4.87962E+03  1.68207E+03 -1.16858E+04 -3.40092E+03 -5.08919E+03  4.74045E+04 -4.41935E+02
 OMEGA(2,1)   -2.55524E+03  2.17563E+03 -1.88725E+05 -3.78772E+05  0.00000E+00  3.50661E+04 -1.16858E+04  8.48061E+04  1.36032E+04  3.57658E+04 -3.36925E+05  3.30408E+03
 OMEGA(2,2)   -3.85655E+02  5.69245E+02 -6.60870E+04 -1.38540E+05  0.00000E+00  1.56722E+04 -3.40092E+03  1.36032E+04  7.21924E+04  1.09126E+04 -1.16790E+05  2.82553E+03
 OMEGA(3,1)   -1.20259E+03  9.40192E+02 -9.02296E+04 -1.66670E+05  0.00000E+00  1.42780E+04 -5.08919E+03  3.57658E+04  1.09126E+04  1.66498E+04 -1.49710E+05  9.63345E+02
 OMEGA(3,2)    1.07975E+04 -8.97415E+03  7.95800E+05  1.58798E+06  0.00000E+00 -1.51948E+05  4.74045E+04 -3.36925E+05 -1.16790E+05 -1.49710E+05  1.41700E+06 -1.40064E+04
 OMEGA(3,3)   -4.91934E+01  8.75417E+01 -1.05115E+04 -2.00234E+04  0.00000E+00  9.32706E+02 -4.41935E+02  3.30408E+03  2.82553E+03  9.63345E+02 -1.40064E+04  9.54879E+02
