TABLE NO.     1: First Order Conditional Estimation with Interaction: Problem=1 Subproblem=0 Superproblem1=0 Iteration1=0 Superproblem2=0 Iteration2=0
 NAME         THETA1       THETA2       THETA3       SIGMA(1,1)   SIGMA(2,1)   SIGMA(2,2)   OMEGA(1,1)   OMEGA(2,1)   OMEGA(2,2)   OMEGA(3,1)   OMEGA(3,2)   OMEGA(3,3)
 THETA1        1.68479E+00  1.84753E-01  5.34939E-01  2.69326E-01  0.00000E+00 -4.42236E-01 -3.83130E-02  1.03111E-01 -3.55388E-01 -1.00396E-01  9.41382E-02  3.21537E-01
 THETA2        1.84753E-01  4.24112E-03 -2.08205E-01  6.19408E-01  0.00000E+00 -6.99223E-01  3.70946E-01 -7.44917E-01 -7.66528E-01  7.17267E-02 -1.62210E-01  8.36392E-02
 THETA3        5.34939E-01 -2.08205E-01  3.01921E-01 -4.65695E-02  0.00000E+00 -7.67719E-02 -1.32841E-01  6.79014E-02  2.93875E-02  5.11165E-01  3.90167E-02  6.31548E-01
 SIGMA(1,1)    2.69326E-01  6.19408E-01 -4.65695E-02  1.21003E-02  0.00000E+00 -8.92591E-01  5.71713E-02 -3.94245E-01 -8.04389E-01 -1.26587E-01  2.59615E-01 -9.24203E-02
 SIGMA(2,1)    0.00000E+00  0.00000E+00  0.00000E+00  0.00000E+00  0.00000E+00  0.00000E+00  0.00000E+00  0.00000E+00  0.00000E+00  0.00000E+00  0.00000E+00  0.00000E+00
 SIGMA(2,2)   -4.42236E-01 -6.99223E-01 -7.67719E-02 -8.92591E-01  0.00000E+00  1.17639E-01 -2.56403E-01  4.57055E-01  9.68132E-01 -8.79284E-02 -3.00549E-01 -1.69889E-01
 OMEGA(1,1)   -3.83130E-02  3.70946E-01 -1.32841E-01  5.71713E-02  0.00000E+00 -2.56403E-01  8.49020E-03 -4.09480E-01 -3.37345E-01  4.39428E-01 -9.43981E-02  2.88250E-01
 OMEGA(2,1)    1.03111E-01 -7.44917E-01  6.79014E-02 -3.94245E-01  0.00000E+00  4.57055E-01 -4.09480E-01  7.47660E-03  5.85753E-01 -3.80141E-01  4.90632E-01 -2.49228E-01
 OMEGA(2,2)   -3.55388E-01 -7.66528E-01  2.93875E-02 -8.04389E-01  0.00000E+00  9.68132E-01 -3.37345E-01  5.85753E-01  2.06752E-02 -1.35221E-01 -2.06329E-01 -1.81310E-01
 OMEGA(3,1)   -1.00396E-01  7.17267E-02  5.11165E-01 -1.26587E-01  0.00000E+00 -8.79284E-02  4.39428E-01 -3.80141E-01 -1.35221E-01  3.60211E-02 -1.17573E-01  8.27891E-01
 OMEGA(3,2)    9.41382E-02 -1.62210E-01  3.90167E-02  2.59615E-01  0.00000E+00 -3.00549E-01 -9.43981E-02  4.90632E-01 -2.06329E-01 -1.17573E-01  2.20530E-02 -2.78257E-01
 OMEGA(3,3)    3.21537E-01  8.36392E-02  6.31548E-01 -9.24203E-02  0.00000E+00 -1.69889E-01  2.88250E-01 -2.49228E-01 -1.81310E-01  8.27891E-01 -2.78257E-01  2.22787E-01
