TABLE NO.     1: First Order Conditional Estimation with Interaction: Problem=1 Subproblem=0 Superproblem1=0 Iteration1=0 Superproblem2=0 Iteration2=0
 NAME         THETA1       THETA2       THETA3       SIGMA(1,1)   SIGMA(2,1)   SIGMA(2,2)   OMEGA(1,1)   OMEGA(2,1)   OMEGA(2,2)   OMEGA(3,1)   OMEGA(3,2)   OMEGA(3,3)
 THETA1        8.00075E+00 -9.85086E+02 -5.06585E+01 -1.59878E+03  0.00000E+00 -5.35999E+02 -9.36717E+02  3.72452E+02  1.93829E+03  8.87128E+02 -5.78878E+02 -1.19310E+02
 THETA2       -9.85086E+02  4.70723E+05  1.00768E+04  4.41565E+05  0.00000E+00  1.44582E+05  1.47833E+05  2.96738E+05 -5.75339E+05 -8.97602E+04  4.85763E+04  1.27381E+04
 THETA3       -5.06585E+01  1.00768E+04  4.70645E+02  2.00152E+04  0.00000E+00  6.46917E+03  8.21477E+03  4.67957E+03 -2.51484E+04 -5.93023E+03  3.73444E+03  8.07535E+02
 SIGMA(1,1)   -1.59878E+03  4.41565E+05  2.00152E+04  1.27297E+06  0.00000E+00  3.83995E+05  4.01284E+05  2.53482E+05 -1.43442E+06 -2.61769E+05  2.09602E+05  4.12800E+04
 SIGMA(2,1)    0.00000E+00  0.00000E+00  0.00000E+00  0.00000E+00  0.00000E+00  0.00000E+00  0.00000E+00  0.00000E+00  0.00000E+00  0.00000E+00  0.00000E+00  0.00000E+00
 SIGMA(2,2)   -5.35999E+02  1.44582E+05  6.46917E+03  3.83995E+05  0.00000E+00  1.18939E+05  1.24178E+05  8.79615E+04 -4.52217E+05 -8.20403E+04  6.30034E+04  1.26131E+04
 OMEGA(1,1)   -9.36717E+02  1.47833E+05  8.21477E+03  4.01284E+05  0.00000E+00  1.24178E+05  1.86608E+05 -3.67901E+04 -4.39314E+05 -1.38801E+05  1.06145E+05  1.99190E+04
 OMEGA(2,1)    3.72452E+02  2.96738E+05  4.67957E+03  2.53482E+05  0.00000E+00  8.79615E+04 -3.67901E+04  1.11313E+06 -6.15563E+05  1.89779E+05 -2.41411E+05 -2.89158E+04
 OMEGA(2,2)    1.93829E+03 -5.75339E+05 -2.51484E+04 -1.43442E+06  0.00000E+00 -4.52217E+05 -4.39314E+05 -6.15563E+05  1.81413E+06  2.50474E+05 -1.59857E+05 -3.77693E+04
 OMEGA(3,1)    8.87128E+02 -8.97602E+04 -5.93023E+03 -2.61769E+05  0.00000E+00 -8.20403E+04 -1.38801E+05  1.89779E+05  2.50474E+05  1.41893E+05 -1.18947E+05 -2.05552E+04
 OMEGA(3,2)   -5.78878E+02  4.85763E+04  3.73444E+03  2.09602E+05  0.00000E+00  6.30034E+04  1.06145E+05 -2.41411E+05 -1.59857E+05 -1.18947E+05  1.18129E+05  1.81387E+04
 OMEGA(3,3)   -1.19310E+02  1.27381E+04  8.07535E+02  4.12800E+04  0.00000E+00  1.26131E+04  1.99190E+04 -2.89158E+04 -3.77693E+04 -2.05552E+04  1.81387E+04  3.09241E+03
