TABLE NO.     1: First Order Conditional Estimation: Problem=1 Subproblem=0 Superproblem1=0 Iteration1=0 Superproblem2=0 Iteration2=0
 NAME         THETA1       THETA2       THETA3       SIGMA(1,1)   OMEGA(1,1)   OMEGA(2,1)   OMEGA(2,2)   OMEGA(3,1)   OMEGA(3,2)   OMEGA(3,3)
 THETA1        7.61560E-01 -2.97571E+01 -2.34771E+00 -1.32320E+01 -1.01542E+02  2.12967E+02 -6.60904E+01  1.26087E+01 -3.14074E+01  0.00000E+00
 THETA2       -2.97571E+01  3.23812E+04  2.06561E+02  6.71868E+02 -7.50731E+03  2.62001E+04 -2.22006E+04  2.08147E+03 -4.67181E+03  0.00000E+00
 THETA3       -2.34771E+00  2.06561E+02  1.76861E+01  3.44789E+01 -3.04854E+02  3.55299E+01 -8.58429E+01  1.21844E+02  1.16741E+01  0.00000E+00
 SIGMA(1,1)   -1.32320E+01  6.71868E+02  3.44789E+01  8.58203E+02  3.50697E+03 -5.18989E+03  1.83606E+03 -9.56792E+02  6.93430E+02  0.00000E+00
 OMEGA(1,1)   -1.01542E+02 -7.50731E+03 -3.04854E+02  3.50697E+03  1.21302E+05 -1.84940E+05  7.34767E+04 -2.89001E+04  2.50882E+04  0.00000E+00
 OMEGA(2,1)    2.12967E+02  2.62001E+04  3.55299E+01 -5.18989E+03 -1.84940E+05  3.31130E+05 -1.35589E+05  4.26566E+04 -4.66671E+04  0.00000E+00
 OMEGA(2,2)   -6.60904E+01 -2.22006E+04 -8.58429E+01  1.83606E+03  7.34767E+04 -1.35589E+05  6.08880E+04 -1.71865E+04  1.95292E+04  0.00000E+00
 OMEGA(3,1)    1.26087E+01  2.08147E+03  1.21844E+02 -9.56792E+02 -2.89001E+04  4.26566E+04 -1.71865E+04  7.29407E+03 -5.65549E+03  0.00000E+00
 OMEGA(3,2)   -3.14074E+01 -4.67181E+03  1.16741E+01  6.93430E+02  2.50882E+04 -4.66671E+04  1.95292E+04 -5.65549E+03  6.76452E+03  0.00000E+00
 OMEGA(3,3)    0.00000E+00  0.00000E+00  0.00000E+00  0.00000E+00  0.00000E+00  0.00000E+00  0.00000E+00  0.00000E+00  0.00000E+00  0.00000E+00
