TABLE NO.     1: First Order Conditional Estimation: Problem=1 Subproblem=0 Superproblem1=0 Iteration1=0 Superproblem2=0 Iteration2=0
 NAME         THETA1       THETA2       THETA3       SIGMA(1,1)   OMEGA(1,1)   OMEGA(2,1)   OMEGA(2,2)   OMEGA(3,1)   OMEGA(3,2)   OMEGA(3,3)
 THETA1        1.50391E+00  2.36374E-01  5.62144E-01 -4.01605E-01 -5.89297E-02  5.04297E-02 -1.11455E-01 -9.93302E-02 -2.61771E-02  3.18695E-01
 THETA2        2.36374E-01  4.28370E-03 -6.30799E-02 -5.45712E-02  4.47451E-01 -6.51207E-01 -7.93429E-01  6.46701E-02 -1.06895E-01  9.00071E-02
 THETA3        5.62144E-01 -6.30799E-02  3.08872E-01 -1.02786E-01 -7.42512E-02 -1.43035E-01  5.86504E-02  4.89522E-01  3.42527E-02  6.12548E-01
 SIGMA(1,1)   -4.01605E-01 -5.45712E-02 -1.02786E-01  1.24091E-01 -1.83887E-01 -8.55849E-02 -2.19420E-02 -3.04993E-01 -4.74232E-02 -4.47168E-01
 OMEGA(1,1)   -5.89297E-02  4.47451E-01 -7.42512E-02 -1.83887E-01  7.10276E-03 -1.68896E-01 -6.17049E-01  4.93273E-01  3.44755E-01  3.25534E-01
 OMEGA(2,1)    5.04297E-02 -6.51207E-01 -1.43035E-01 -8.55849E-02 -1.68896E-01  6.83407E-03  7.41746E-01 -2.99972E-01  2.50337E-01 -2.11454E-01
 OMEGA(2,2)   -1.11455E-01 -7.93429E-01  5.86504E-02 -2.19420E-02 -6.17049E-01  7.41746E-01  1.90742E-02 -1.79851E-01 -1.79952E-01 -8.57307E-02
 OMEGA(3,1)   -9.93302E-02  6.46701E-02  4.89522E-01 -3.04993E-01  4.93273E-01 -2.99972E-01 -1.79851E-01  3.30713E-02  2.44048E-01  8.30731E-01
 OMEGA(3,2)   -2.61771E-02 -1.06895E-01  3.42527E-02 -4.74232E-02  3.44755E-01  2.50337E-01 -1.79952E-01  2.44048E-01  2.13948E-02 -3.71283E-02
 OMEGA(3,3)    3.18695E-01  9.00071E-02  6.12548E-01 -4.47168E-01  3.25534E-01 -2.11454E-01 -8.57307E-02  8.30731E-01 -3.71283E-02  2.17338E-01
