TABLE NO.     1: Laplacian Conditional Estimation: Problem=1 Subproblem=0 Superproblem1=0 Iteration1=0 Superproblem2=0 Iteration2=0
 NAME         THETA1       THETA2       THETA3       SIGMA(1,1)   OMEGA(1,1)   OMEGA(2,1)   OMEGA(2,2)   OMEGA(3,1)   OMEGA(3,2)   OMEGA(3,3)
 THETA1        8.13218E-01 -4.07401E+01 -2.44080E+00 -2.58907E-01  2.19499E+01 -6.23262E+01  3.11392E+01 -1.77162E+00  5.60613E+00 -1.12529E-16
 THETA2       -4.07401E+01  3.48470E+04  2.18785E+02  5.48142E+01 -6.58039E+03  1.60477E+04 -8.07747E+03  7.54915E+02 -1.59747E+03  2.91899E-14
 THETA3       -2.44080E+00  2.18785E+02  1.79552E+01  1.05594E+00 -5.46137E+00  8.54285E+01 -5.14455E+01 -9.06881E+00 -4.50148E+00  1.85911E-16
 SIGMA(1,1)   -2.58907E-01  5.48142E+01  1.05594E+00  2.36938E+02 -2.70708E+02  5.16830E+02 -1.98847E+02  5.86803E+01 -6.61859E+01  7.18584E-16
 OMEGA(1,1)    2.19499E+01 -6.58039E+03 -5.46137E+00 -2.70708E+02  1.70679E+05 -2.58359E+05  1.00893E+05 -3.39657E+04  3.24235E+04 -3.64602E-13
 OMEGA(2,1)   -6.23262E+01  1.60477E+04  8.54285E+01  5.16830E+02 -2.58359E+05  4.50480E+05 -1.73161E+05  5.18351E+04 -5.78425E+04  6.25762E-13
 OMEGA(2,2)    3.11392E+01 -8.07747E+03 -5.14455E+01 -1.98847E+02  1.00893E+05 -1.73161E+05  7.03127E+04 -2.01730E+04  2.25352E+04 -2.54092E-13
 OMEGA(3,1)   -1.77162E+00  7.54915E+02 -9.06881E+00  5.86803E+01 -3.39657E+04  5.18351E+04 -2.01730E+04  7.55986E+03 -6.53609E+03  7.29001E-14
 OMEGA(3,2)    5.60613E+00 -1.59747E+03 -4.50148E+00 -6.61859E+01  3.24235E+04 -5.78425E+04  2.25352E+04 -6.53609E+03  8.02995E+03 -8.14367E-14
 OMEGA(3,3)   -1.12529E-16  2.91899E-14  1.85911E-16  7.18584E-16 -3.64602E-13  6.25762E-13 -2.54092E-13  7.29001E-14 -8.14367E-14  9.18226E-31
