TABLE NO.     1: First Order Conditional Estimation: Problem=1 Subproblem=0 Superproblem1=0 Iteration1=0 Superproblem2=0 Iteration2=0
 NAME         THETA1       THETA2       THETA3       SIGMA(1,1)   OMEGA(1,1)   OMEGA(2,1)   OMEGA(2,2)   OMEGA(3,1)   OMEGA(3,2)   OMEGA(3,3)
 THETA1        4.90828E-02 -3.49133E+01 -2.33509E-01 -1.59711E-01  1.98760E+01 -5.15552E+01  2.29447E+01 -3.62658E+00  6.89365E+00  1.9696E-143
 THETA2       -3.49133E+01  2.69154E+04  1.82539E+02  8.36917E+01  4.14205E+03  6.78210E+03 -4.72520E+03 -1.19837E+03 -9.52606E+02  1.0043E-140
 THETA3       -2.33509E-01  1.82539E+02  1.24079E+00  5.23491E-01  4.98608E+01  9.12997E+00 -1.75478E+01 -1.25944E+01 -1.58221E+00  9.6331E-143
 SIGMA(1,1)   -1.59711E-01  8.36917E+01  5.23491E-01  9.49670E-01 -3.27439E+02  5.97402E+02 -2.41340E+02  6.61068E+01 -7.92234E+01 -4.0984E-142
 OMEGA(1,1)    1.98760E+01  4.14205E+03  4.98608E+01 -3.27439E+02  1.68625E+05 -2.83435E+05  1.11150E+05 -3.46553E+04  3.74974E+04  2.1927E-139
 OMEGA(2,1)   -5.15552E+01  6.78210E+03  9.12997E+00  5.97402E+02 -2.83435E+05  4.83461E+05 -1.90650E+05  5.80729E+04 -6.39884E+04 -3.6617E-139
 OMEGA(2,2)    2.29447E+01 -4.72520E+03 -1.75478E+01 -2.41340E+02  1.11150E+05 -1.90650E+05  7.53382E+04 -2.27468E+04  2.52376E+04  1.4323E-139
 OMEGA(3,1)   -3.62658E+00 -1.19837E+03 -1.25944E+01  6.61068E+01 -3.46553E+04  5.80729E+04 -2.27468E+04  7.12676E+03 -7.68211E+03 -4.5124E-140
 OMEGA(3,2)    6.89365E+00 -9.52606E+02 -1.58221E+00 -7.92234E+01  3.74974E+04 -6.39884E+04  2.52376E+04 -7.68211E+03  8.46929E+03  4.8434E-140
 OMEGA(3,3)    1.9696E-143  1.0043E-140  9.6331E-143 -4.0984E-142  2.1927E-139 -3.6617E-139  1.4323E-139 -4.5124E-140  4.8434E-140  2.8593E-283
